Stats since: 1ns
---PROFILEDATA---
Flags,FrameTimelineVsyncId,IntendedVsync,Vsync,InputEventId,HandleInputStart,AnimationStart,PerformTraversalsStart,DrawStart,FrameDeadline,FrameInterval,FrameStartTime,SyncQueued,SyncStart,IssueDrawCommandsStart,SwapBuffers,FrameCompleted,DequeueBufferDuration,QueueBufferDuration,GpuCompleted,SwapBuffersCompleted,DisplayPresentTime,CommandSubmissionCompleted,
0,0,5000128750460,5000128750460,7,0,0,0,0,0,0,0,0,0,0,0,5000145417126,0,0,0,0,5000145417126,0,
0,0,5000154231118,5000154231118,7,0,0,0,0,0,0,0,0,0,0,0,5000170897784,0,0,0,0,5000170897784,0,
0,0,5000184937575,5000184937575,7,0,0,0,0,0,0,0,0,0,0,0,5000201604241,0,0,0,0,5000201604241,0,
0,0,5002084724814,5002084724814,0,0,0,0,0,0,0,0,0,0,0,0,5002101391480,0,0,0,0,5002101391480,0,
0,0,5002144083770,5002144083770,0,0,0,0,0,0,0,0,0,0,0,0,5002160750436,0,0,0,0,5002160750436,0,
0,0,5002234822145,5002234822145,0,0,0,0,0,0,0,0,0,0,0,0,5002251488811,0,0,0,0,5002251488811,0,
0,0,5002385122971,5002385122971,0,0,0,0,0,0,0,0,0,0,0,0,5002401789637,0,0,0,0,5002401789637,0,
0,0,5002783697522,5002783697522,0,0,0,0,0,0,0,0,0,0,0,0,5002800364188,0,0,0,0,5002800364188,0,
0,0,5003883668201,5003883668201,0,0,0,0,0,0,0,0,0,0,0,0,5003900334867,0,0,0,0,5003900334867,0,
0,0,5006484642998,5006484642998,0,0,0,0,0,0,0,0,0,0,0,0,5006501309664,0,0,0,0,5006501309664,0,
0,0,5010684901684,5010684901684,0,0,0,0,0,0,0,0,0,0,0,0,5010701568350,0,0,0,0,5010701568350,0,
0,0,5010744518818,5010744518818,0,0,0,0,0,0,0,0,0,0,0,0,5010761185484,0,0,0,0,5010761185484,0,
0,0,5010834972813,5010834972813,0,0,0,0,0,0,0,0,0,0,0,0,5010851639479,0,0,0,0,5010851639479,0,
0,0,5010984559127,5010984559127,0,0,0,0,0,0,0,0,0,0,0,0,5011001225793,0,0,0,0,5011001225793,0,
0,0,5011383675698,5011383675698,0,0,0,0,0,0,0,0,0,0,0,0,5011400342364,0,0,0,0,5011400342364,0,
0,0,5012485140277,5012485140277,0,0,0,0,0,0,0,0,0,0,0,0,5012501806943,0,0,0,0,5012501806943,0,
0,0,5015084848843,5015084848843,0,0,0,0,0,0,0,0,0,0,0,0,5015101515509,0,0,0,0,5015101515509,0,
0,0,5019283996583,5019283996583,0,0,0,0,0,0,0,0,0,0,0,0,5019300663249,0,0,0,0,5019300663249,0,
0,0,5019345033679,5019345033679,0,0,0,0,0,0,0,0,0,0,0,0,5019361700345,0,0,0,0,5019361700345,0,
0,0,5019434829602,5019434829602,0,0,0,0,0,0,0,0,0,0,0,0,5019451496268,0,0,0,0,5019451496268,0,
0,0,5019583724055,5019583724055,0,0,0,0,0,0,0,0,0,0,0,0,5019600390721,0,0,0,0,5019600390721,0,
0,0,5019984244070,5019984244070,0,0,0,0,0,0,0,0,0,0,0,0,5020000910736,0,0,0,0,5020000910736,0,
0,0,5021083491462,5021083491462,0,0,0,0,0,0,0,0,0,0,0,0,5021100158128,0,0,0,0,5021100158128,0,
0,0,5023683984646,5023683984646,0,0,0,0,0,0,0,0,0,0,0,0,5023700651312,0,0,0,0,5023700651312,0,
0,0,5027885046723,5027885046723,0,0,0,0,0,0,0,0,0,0,0,0,5027901713389,0,0,0,0,5027901713389,0,
0,0,5027944217535,5027944217535,0,0,0,0,0,0,0,0,0,0,0,0,5027960884201,0,0,0,0,5027960884201,0,
0,0,5028035260548,5028035260548,0,0,0,0,0,0,0,0,0,0,0,0,5028051927214,0,0,0,0,5028051927214,0,
0,0,5028183442720,5028183442720,0,0,0,0,0,0,0,0,0,0,0,0,5028200109386,0,0,0,0,5028200109386,0,
0,0,5028584703534,5028584703534,0,0,0,0,0,0,0,0,0,0,0,0,5028601370200,0,0,0,0,5028601370200,0,
0,0,5029685045905,5029685045905,0,0,0,0,0,0,0,0,0,0,0,0,5029701712571,0,0,0,0,5029701712571,0,
0,0,5032284106516,5032284106516,0,0,0,0,0,0,0,0,0,0,0,0,5032300773182,0,0,0,0,5032300773182,0,
0,0,5036483965748,5036483965748,0,0,0,0,0,0,0,0,0,0,0,0,5036500632414,0,0,0,0,5036500632414,0,
0,0,5036544102332,5036544102332,0,0,0,0,0,0,0,0,0,0,0,0,5036560768998,0,0,0,0,5036560768998,0,
0,0,5040743942228,5040743942228,0,0,0,0,0,0,0,0,0,0,0,0,5040760608894,0,0,0,0,5040760608894,0,
0,0,5042695171595,5042695171595,7,0,0,0,0,0,0,0,0,0,0,0,5042711838261,0,0,0,0,5042711838261,0,
0,0,5042719112287,5042719112287,7,0,0,0,0,0,0,0,0,0,0,0,5042735778953,0,0,0,0,5042735778953,0,
0,0,5042748903118,5042748903118,7,0,0,0,0,0,0,0,0,0,0,0,5042765569784,0,0,0,0,5042765569784,0,
0,0,5044648620980,5044648620980,0,0,0,0,0,0,0,0,0,0,0,0,5044665287646,0,0,0,0,5044665287646,0,
0,0,5044739648007,5044739648007,0,0,0,0,0,0,0,0,0,0,0,0,5044756314673,0,0,0,0,5044756314673,0,
0,0,5044890047956,5044890047956,0,0,0,0,0,0,0,0,0,0,0,0,5044906714622,0,0,0,0,5044906714622,0,
0,0,5045290113707,5045290113707,0,0,0,0,0,0,0,0,0,0,0,0,5045306780373,0,0,0,0,5045306780373,0,
0,0,5046389223720,5046389223720,0,0,0,0,0,0,0,0,0,0,0,0,5046405890386,0,0,0,0,5046405890386,0,
0,0,5048989107999,5048989107999,0,0,0,0,0,0,0,0,0,0,0,0,5049005774665,0,0,0,0,5049005774665,0,
0,0,5053189130533,5053189130533,0,0,0,0,0,0,0,0,0,0,0,0,5053205797199,0,0,0,0,5053205797199,0,
0,0,5053249759744,5053249759744,0,0,0,0,0,0,0,0,0,0,0,0,5053266426410,0,0,0,0,5053266426410,0,
0,0,5053339543040,5053339543040,0,0,0,0,0,0,0,0,0,0,0,0,5053356209706,0,0,0,0,5053356209706,0,
0,0,5053488514486,5053488514486,0,0,0,0,0,0,0,0,0,0,0,0,5053505181152,0,0,0,0,5053505181152,0,
0,0,5053888447989,5053888447989,0,0,0,0,0,0,0,0,0,0,0,0,5053905114655,0,0,0,0,5053905114655,0,
0,0,5054989907688,5054989907688,0,0,0,0,0,0,0,0,0,0,0,0,5055006574354,0,0,0,0,5055006574354,0,
0,0,5057589724850,5057589724850,0,0,0,0,0,0,0,0,0,0,0,0,5057606391516,0,0,0,0,5057606391516,0,
0,0,5061788506653,5061788506653,0,0,0,0,0,0,0,0,0,0,0,0,5061805173319,0,0,0,0,5061805173319,0,
0,0,5061850214889,5061850214889,0,0,0,0,0,0,0,0,0,0,0,0,5061866881555,0,0,0,0,5061866881555,0,
0,0,5061939647483,5061939647483,0,0,0,0,0,0,0,0,0,0,0,0,5061956314149,0,0,0,0,5061956314149,0,
0,0,5062089315618,5062089315618,0,0,0,0,0,0,0,0,0,0,0,0,5062105982284,0,0,0,0,5062105982284,0,
0,0,5062489033447,5062489033447,0,0,0,0,0,0,0,0,0,0,0,0,5062505700113,0,0,0,0,5062505700113,0,
0,0,5063590198107,5063590198107,0,0,0,0,0,0,0,0,0,0,0,0,5063606864773,0,0,0,0,5063606864773,0,
0,0,5066189239461,5066189239461,0,0,0,0,0,0,0,0,0,0,0,0,5066205906127,0,0,0,0,5066205906127,0,
0,0,5070389857580,5070389857580,0,0,0,0,0,0,0,0,0,0,0,0,5070406524246,0,0,0,0,5070406524246,0,
0,0,5070448919565,5070448919565,0,0,0,0,0,0,0,0,0,0,0,0,5070465586231,0,0,0,0,5070465586231,0,
0,0,5070538396539,5070538396539,0,0,0,0,0,0,0,0,0,0,0,0,5070555063205,0,0,0,0,5070555063205,0,
0,0,5070689995899,5070689995899,0,0,0,0,0,0,0,0,0,0,0,0,5070706662565,0,0,0,0,5070706662565,0,
0,0,5071089136051,5071089136051,0,0,0,0,0,0,0,0,0,0,0,0,5071105802717,0,0,0,0,5071105802717,0,
0,0,5072189311801,5072189311801,0,0,0,0,0,0,0,0,0,0,0,0,5072205978467,0,0,0,0,5072205978467,0,
0,0,5074788560542,5074788560542,0,0,0,0,0,0,0,0,0,0,0,0,5074805227208,0,0,0,0,5074805227208,0,
0,0,5078988830883,5078988830883,0,0,0,0,0,0,0,0,0,0,0,0,5079005497549,0,0,0,0,5079005497549,0,
0,0,5079049797536,5079049797536,0,0,0,0,0,0,0,0,0,0,0,0,5079066464202,0,0,0,0,5079066464202,0,
0,0,5079139715536,5079139715536,0,0,0,0,0,0,0,0,0,0,0,0,5079156382202,0,0,0,0,5079156382202,0,
0,0,5083338592934,5083338592934,0,0,0,0,0,0,0,0,0,0,0,0,5083355259600,0,0,0,0,5083355259600,0,
0,0,5085889135197,5085889135197,7,0,0,0,0,0,0,0,0,0,0,0,5085905801863,0,0,0,0,5085905801863,0,
0,0,5085914557875,5085914557875,7,0,0,0,0,0,0,0,0,0,0,0,5085931224541,0,0,0,0,5085931224541,0,
0,0,5085944804121,5085944804121,7,0,0,0,0,0,0,0,0,0,0,0,5085961470787,0,0,0,0,5085961470787,0,
0,0,5087843350055,5087843350055,0,0,0,0,0,0,0,0,0,0,0,0,5087860016721,0,0,0,0,5087860016721,0,
0,0,5087994119794,5087994119794,0,0,0,0,0,0,0,0,0,0,0,0,5088010786460,0,0,0,0,5088010786460,0,
0,0,5088394943312,5088394943312,0,0,0,0,0,0,0,0,0,0,0,0,5088411609978,0,0,0,0,5088411609978,0,
0,0,5089495267136,5089495267136,0,0,0,0,0,0,0,0,0,0,0,0,5089511933802,0,0,0,0,5089511933802,0,
0,0,5092093398862,5092093398862,0,0,0,0,0,0,0,0,0,0,0,0,5092110065528,0,0,0,0,5092110065528,0,
0,0,5096294463204,5096294463204,0,0,0,0,0,0,0,0,0,0,0,0,5096311129870,0,0,0,0,5096311129870,0,
0,0,5096353753505,5096353753505,0,0,0,0,0,0,0,0,0,0,0,0,5096370420171,0,0,0,0,5096370420171,0,
0,0,5096445031078,5096445031078,0,0,0,0,0,0,0,0,0,0,0,0,5096461697744,0,0,0,0,5096461697744,0,
0,0,5096594911166,5096594911166,0,0,0,0,0,0,0,0,0,0,0,0,5096611577832,0,0,0,0,5096611577832,0,
0,0,5096993368803,5096993368803,0,0,0,0,0,0,0,0,0,0,0,0,5097010035469,0,0,0,0,5097010035469,0,
0,0,5098093356777,5098093356777,0,0,0,0,0,0,0,0,0,0,0,0,5098110023443,0,0,0,0,5098110023443,0,
0,0,5100694171220,5100694171220,0,0,0,0,0,0,0,0,0,0,0,0,5100710837886,0,0,0,0,5100710837886,0,
0,0,5104893623878,5104893623878,0,0,0,0,0,0,0,0,0,0,0,0,5104910290544,0,0,0,0,5104910290544,0,
0,0,5104954345479,5104954345479,0,0,0,0,0,0,0,0,0,0,0,0,5104971012145,0,0,0,0,5104971012145,0,
0,0,5105044140046,5105044140046,0,0,0,0,0,0,0,0,0,0,0,0,5105060806712,0,0,0,0,5105060806712,0,
0,0,5105194376455,5105194376455,0,0,0,0,0,0,0,0,0,0,0,0,5105211043121,0,0,0,0,5105211043121,0,
0,0,5105593633719,5105593633719,0,0,0,0,0,0,0,0,0,0,0,0,5105610300385,0,0,0,0,5105610300385,0,
0,0,5106694364888,5106694364888,0,0,0,0,0,0,0,0,0,0,0,0,5106711031554,0,0,0,0,5106711031554,0,
0,0,5109294668878,5109294668878,0,0,0,0,0,0,0,0,0,0,0,0,5109311335544,0,0,0,0,5109311335544,0,
0,0,5113494031513,5113494031513,0,0,0,0,0,0,0,0,0,0,0,0,5113510698179,0,0,0,0,5113510698179,0,
0,0,5113555174390,5113555174390,0,0,0,0,0,0,0,0,0,0,0,0,5113571841056,0,0,0,0,5113571841056,0,
0,0,5113643528877,5113643528877,0,0,0,0,0,0,0,0,0,0,0,0,5113660195543,0,0,0,0,5113660195543,0,
0,0,5113793916630,5113793916630,0,0,0,0,0,0,0,0,0,0,0,0,5113810583296,0,0,0,0,5113810583296,0,
0,0,5114193633467,5114193633467,0,0,0,0,0,0,0,0,0,0,0,0,5114210300133,0,0,0,0,5114210300133,0,
0,0,5115295186283,5115295186283,0,0,0,0,0,0,0,0,0,0,0,0,5115311852949,0,0,0,0,5115311852949,0,
0,0,5117894032028,5117894032028,0,0,0,0,0,0,0,0,0,0,0,0,5117910698694,0,0,0,0,5117910698694,0,
0,0,5122094118716,5122094118716,0,0,0,0,0,0,0,0,0,0,0,0,5122110785382,0,0,0,0,5122110785382,0,
0,0,5122154747733,5122154747733,0,0,0,0,0,0,0,0,0,0,0,0,5122171414399,0,0,0,0,5122171414399,0,
0,0,5122243386883,5122243386883,0,0,0,0,0,0,0,0,0,0,0,0,5122260053549,0,0,0,0,5122260053549,0,
0,0,5122393600052,5122393600052,0,0,0,0,0,0,0,0,0,0,0,0,5122410266718,0,0,0,0,5122410266718,0,
0,0,5126593403359,5126593403359,0,0,0,0,0,0,0,0,0,0,0,0,5126610070025,0,0,0,0,5126610070025,0,
0,0,5130044626844,5130044626844,7,0,0,0,0,0,0,0,0,0,0,0,5130061293510,0,0,0,0,5130061293510,0,
0,0,5130069660794,5130069660794,7,0,0,0,0,0,0,0,0,0,0,0,5130086327460,0,0,0,0,5130086327460,0,
0,0,5130099686375,5130099686375,7,0,0,0,0,0,0,0,0,0,0,0,5130116353041,0,0,0,0,5130116353041,0,
0,0,5131999787636,5131999787636,0,0,0,0,0,0,0,0,0,0,0,0,5132016454302,0,0,0,0,5132016454302,0,
0,0,5132398830944,5132398830944,0,0,0,0,0,0,0,0,0,0,0,0,5132415497610,0,0,0,0,5132415497610,0,
0,0,5133498478686,5133498478686,0,0,0,0,0,0,0,0,0,0,0,0,5133515145352,0,0,0,0,5133515145352,0,
0,0,5136099011483,5136099011483,0,0,0,0,0,0,0,0,0,0,0,0,5136115678149,0,0,0,0,5136115678149,0,
0,0,5140300304322,5140300304322,0,0,0,0,0,0,0,0,0,0,0,0,5140316970988,0,0,0,0,5140316970988,0,
0,0,5140360035445,5140360035445,0,0,0,0,0,0,0,0,0,0,0,0,5140376702111,0,0,0,0,5140376702111,0,
0,0,5140448344637,5140448344637,0,0,0,0,0,0,0,0,0,0,0,0,5140465011303,0,0,0,0,5140465011303,0,
0,0,5140598773052,5140598773052,0,0,0,0,0,0,0,0,0,0,0,0,5140615439718,0,0,0,0,5140615439718,0,
0,0,5141000098344,5141000098344,0,0,0,0,0,0,0,0,0,0,0,0,5141016765010,0,0,0,0,5141016765010,0,
0,0,5142099856572,5142099856572,0,0,0,0,0,0,0,0,0,0,0,0,5142116523238,0,0,0,0,5142116523238,0,
0,0,5144698459910,5144698459910,0,0,0,0,0,0,0,0,0,0,0,0,5144715126576,0,0,0,0,5144715126576,0,
0,0,5148898718406,5148898718406,0,0,0,0,0,0,0,0,0,0,0,0,5148915385072,0,0,0,0,5148915385072,0,
0,0,5148959445512,5148959445512,0,0,0,0,0,0,0,0,0,0,0,0,5148976112178,0,0,0,0,5148976112178,0,
0,0,5149049840782,5149049840782,0,0,0,0,0,0,0,0,0,0,0,0,5149066507448,0,0,0,0,5149066507448,0,
0,0,5149199838213,5149199838213,0,0,0,0,0,0,0,0,0,0,0,0,5149216504879,0,0,0,0,5149216504879,0,
Stats since: 1ns
---PROFILEDATA---
Flags,FrameTimelineVsyncId,IntendedVsync,Vsync,InputEventId,HandleInputStart,AnimationStart,PerformTraversalsStart,DrawStart,FrameDeadline,FrameInterval,FrameStartTime,SyncQueued,SyncStart,IssueDrawCommandsStart,SwapBuffers,FrameCompleted,DequeueBufferDuration,QueueBufferDuration,GpuCompleted,SwapBuffersCompleted,DisplayPresentTime,CommandSubmissionCompleted,
0,0,5113494031513,5113494031513,0,0,0,0,0,0,0,0,0,0,0,0,5113510698179,0,0,0,0,5113510698179,0,
0,0,5113555174390,5113555174390,0,0,0,0,0,0,0,0,0,0,0,0,5113571841056,0,0,0,0,5113571841056,0,
0,0,5113643528877,5113643528877,0,0,0,0,0,0,0,0,0,0,0,0,5113660195543,0,0,0,0,5113660195543,0,
0,0,5113793916630,5113793916630,0,0,0,0,0,0,0,0,0,0,0,0,5113810583296,0,0,0,0,5113810583296,0,
0,0,5114193633467,5114193633467,0,0,0,0,0,0,0,0,0,0,0,0,5114210300133,0,0,0,0,5114210300133,0,
0,0,5115295186283,5115295186283,0,0,0,0,0,0,0,0,0,0,0,0,5115311852949,0,0,0,0,5115311852949,0,
0,0,5117894032028,5117894032028,0,0,0,0,0,0,0,0,0,0,0,0,5117910698694,0,0,0,0,5117910698694,0,
0,0,5122094118716,5122094118716,0,0,0,0,0,0,0,0,0,0,0,0,5122110785382,0,0,0,0,5122110785382,0,
0,0,5122154747733,5122154747733,0,0,0,0,0,0,0,0,0,0,0,0,5122171414399,0,0,0,0,5122171414399,0,
0,0,5122243386883,5122243386883,0,0,0,0,0,0,0,0,0,0,0,0,5122260053549,0,0,0,0,5122260053549,0,
0,0,5122393600052,5122393600052,0,0,0,0,0,0,0,0,0,0,0,0,5122410266718,0,0,0,0,5122410266718,0,
0,0,5126593403359,5126593403359,0,0,0,0,0,0,0,0,0,0,0,0,5126610070025,0,0,0,0,5126610070025,0,
0,0,5130044626844,5130044626844,7,0,0,0,0,0,0,0,0,0,0,0,5130061293510,0,0,0,0,5130061293510,0,
0,0,5130069660794,5130069660794,7,0,0,0,0,0,0,0,0,0,0,0,5130086327460,0,0,0,0,5130086327460,0,
0,0,5130099686375,5130099686375,7,0,0,0,0,0,0,0,0,0,0,0,5130116353041,0,0,0,0,5130116353041,0,
0,0,5131999787636,5131999787636,0,0,0,0,0,0,0,0,0,0,0,0,5132016454302,0,0,0,0,5132016454302,0,
0,0,5132398830944,5132398830944,0,0,0,0,0,0,0,0,0,0,0,0,5132415497610,0,0,0,0,5132415497610,0,
0,0,5133498478686,5133498478686,0,0,0,0,0,0,0,0,0,0,0,0,5133515145352,0,0,0,0,5133515145352,0,
0,0,5136099011483,5136099011483,0,0,0,0,0,0,0,0,0,0,0,0,5136115678149,0,0,0,0,5136115678149,0,
0,0,5140300304322,5140300304322,0,0,0,0,0,0,0,0,0,0,0,0,5140316970988,0,0,0,0,5140316970988,0,
0,0,5140360035445,5140360035445,0,0,0,0,0,0,0,0,0,0,0,0,5140376702111,0,0,0,0,5140376702111,0,
0,0,5140448344637,5140448344637,0,0,0,0,0,0,0,0,0,0,0,0,5140465011303,0,0,0,0,5140465011303,0,
0,0,5140598773052,5140598773052,0,0,0,0,0,0,0,0,0,0,0,0,5140615439718,0,0,0,0,5140615439718,0,
0,0,5141000098344,5141000098344,0,0,0,0,0,0,0,0,0,0,0,0,5141016765010,0,0,0,0,5141016765010,0,
0,0,5142099856572,5142099856572,0,0,0,0,0,0,0,0,0,0,0,0,5142116523238,0,0,0,0,5142116523238,0,
0,0,5144698459910,5144698459910,0,0,0,0,0,0,0,0,0,0,0,0,5144715126576,0,0,0,0,5144715126576,0,
0,0,5148898718406,5148898718406,0,0,0,0,0,0,0,0,0,0,0,0,5148915385072,0,0,0,0,5148915385072,0,
0,0,5148959445512,5148959445512,0,0,0,0,0,0,0,0,0,0,0,0,5148976112178,0,0,0,0,5148976112178,0,
0,0,5149049840782,5149049840782,0,0,0,0,0,0,0,0,0,0,0,0,5149066507448,0,0,0,0,5149066507448,0,
0,0,5149199838213,5149199838213,0,0,0,0,0,0,0,0,0,0,0,0,5149216504879,0,0,0,0,5149216504879,0,
0,0,5149600029230,5149600029230,0,0,0,0,0,0,0,0,0,0,0,0,5149616695896,0,0,0,0,5149616695896,0,
0,0,5150699503292,5150699503292,0,0,0,0,0,0,0,0,0,0,0,0,5150716169958,0,0,0,0,5150716169958,0,
0,0,5153299088930,5153299088930,0,0,0,0,0,0,0,0,0,0,0,0,5153315755596,0,0,0,0,5153315755596,0,
0,0,5157498529673,5157498529673,0,0,0,0,0,0,0,0,0,0,0,0,5157515196339,0,0,0,0,5157515196339,0,
0,0,5157559916666,5157559916666,0,0,0,0,0,0,0,0,0,0,0,0,5157576583332,0,0,0,0,5157576583332,0,
0,0,5157649312466,5157649312466,0,0,0,0,0,0,0,0,0,0,0,0,5157665979132,0,0,0,0,5157665979132,0,
0,0,5157799772876,5157799772876,0,0,0,0,0,0,0,0,0,0,0,0,5157816439542,0,0,0,0,5157816439542,0,
0,0,5158198410173,5158198410173,0,0,0,0,0,0,0,0,0,0,0,0,5158215076839,0,0,0,0,5158215076839,0,
0,0,5159298417352,5159298417352,0,0,0,0,0,0,0,0,0,0,0,0,5159315084018,0,0,0,0,5159315084018,0,
0,0,5161899440385,5161899440385,0,0,0,0,0,0,0,0,0,0,0,0,5161916107051,0,0,0,0,5161916107051,0,
0,0,5166098789949,5166098789949,0,0,0,0,0,0,0,0,0,0,0,0,5166115456615,0,0,0,0,5166115456615,0,
0,0,5166159911499,5166159911499,0,0,0,0,0,0,0,0,0,0,0,0,5166176578165,0,0,0,0,5166176578165,0,
0,0,5166249655557,5166249655557,0,0,0,0,0,0,0,0,0,0,0,0,5166266322223,0,0,0,0,5166266322223,0,
0,0,5166399823106,5166399823106,0,0,0,0,0,0,0,0,0,0,0,0,5166416489772,0,0,0,0,5166416489772,0,
0,0,5166800282132,5166800282132,0,0,0,0,0,0,0,0,0,0,0,0,5166816948798,0,0,0,0,5166816948798,0,
0,0,5170999327915,5170999327915,0,0,0,0,0,0,0,0,0,0,0,0,5171015994581,0,0,0,0,5171015994581,0,
0,0,5176148451159,5176148451159,7,0,0,0,0,0,0,0,0,0,0,0,5176165117825,0,0,0,0,5176165117825,0,
0,0,5176173913751,5176173913751,7,0,0,0,0,0,0,0,0,0,0,0,5176190580417,0,0,0,0,5176190580417,0,
0,0,5176204307126,5176204307126,7,0,0,0,0,0,0,0,0,0,0,0,5176220973792,0,0,0,0,5176220973792,0,
0,0,5178104532249,5178104532249,0,0,0,0,0,0,0,0,0,0,0,0,5178121198915,0,0,0,0,5178121198915,0,
0,0,5179204691429,5179204691429,0,0,0,0,0,0,0,0,0,0,0,0,5179221358095,0,0,0,0,5179221358095,0,
0,0,5181804877271,5181804877271,0,0,0,0,0,0,0,0,0,0,0,0,5181821543937,0,0,0,0,5181821543937,0,
0,0,5186004320646,5186004320646,0,0,0,0,0,0,0,0,0,0,0,0,5186020987312,0,0,0,0,5186020987312,0,
0,0,5186064914203,5186064914203,0,0,0,0,0,0,0,0,0,0,0,0,5186081580869,0,0,0,0,5186081580869,0,
0,0,5186154165197,5186154165197,0,0,0,0,0,0,0,0,0,0,0,0,5186170831863,0,0,0,0,5186170831863,0,
0,0,5186303598544,5186303598544,0,0,0,0,0,0,0,0,0,0,0,0,5186320265210,0,0,0,0,5186320265210,0,
0,0,5186703824385,5186703824385,0,0,0,0,0,0,0,0,0,0,0,0,5186720491051,0,0,0,0,5186720491051,0,
0,0,5187803942016,5187803942016,0,0,0,0,0,0,0,0,0,0,0,0,5187820608682,0,0,0,0,5187820608682,0,
0,0,5190404522397,5190404522397,0,0,0,0,0,0,0,0,0,0,0,0,5190421189063,0,0,0,0,5190421189063,0,
0,0,5194603395780,5194603395780,0,0,0,0,0,0,0,0,0,0,0,0,5194620062446,0,0,0,0,5194620062446,0,
0,0,5194663599646,5194663599646,0,0,0,0,0,0,0,0,0,0,0,0,5194680266312,0,0,0,0,5194680266312,0,
0,0,5194753697416,5194753697416,0,0,0,0,0,0,0,0,0,0,0,0,5194770364082,0,0,0,0,5194770364082,0,
0,0,5194904147842,5194904147842,0,0,0,0,0,0,0,0,0,0,0,0,5194920814508,0,0,0,0,5194920814508,0,
0,0,5195303496876,5195303496876,0,0,0,0,0,0,0,0,0,0,0,0,5195320163542,0,0,0,0,5195320163542,0,
0,0,5196403826037,5196403826037,0,0,0,0,0,0,0,0,0,0,0,0,5196420492703,0,0,0,0,5196420492703,0,
0,0,5199003870342,5199003870342,0,0,0,0,0,0,0,0,0,0,0,0,5199020537008,0,0,0,0,5199020537008,0,
0,0,5203203662290,5203203662290,0,0,0,0,0,0,0,0,0,0,0,0,5203220328956,0,0,0,0,5203220328956,0,
0,0,5203263839046,5203263839046,0,0,0,0,0,0,0,0,0,0,0,0,5203280505712,0,0,0,0,5203280505712,0,
0,0,5203353941636,5203353941636,0,0,0,0,0,0,0,0,0,0,0,0,5203370608302,0,0,0,0,5203370608302,0,
0,0,5203503941216,5203503941216,0,0,0,0,0,0,0,0,0,0,0,0,5203520607882,0,0,0,0,5203520607882,0,
0,0,5203904400516,5203904400516,0,0,0,0,0,0,0,0,0,0,0,0,5203921067182,0,0,0,0,5203921067182,0,
0,0,5205004169513,5205004169513,0,0,0,0,0,0,0,0,0,0,0,0,5205020836179,0,0,0,0,5205020836179,0,
0,0,5207603875542,5207603875542,0,0,0,0,0,0,0,0,0,0,0,0,5207620542208,0,0,0,0,5207620542208,0,
0,0,5211803809012,5211803809012,0,0,0,0,0,0,0,0,0,0,0,0,5211820475678,0,0,0,0,5211820475678,0,
0,0,5211863945726,5211863945726,0,0,0,0,0,0,0,0,0,0,0,0,5211880612392,0,0,0,0,5211880612392,0,
0,0,5211954359248,5211954359248,0,0,0,0,0,0,0,0,0,0,0,0,5211971025914,0,0,0,0,5211971025914,0,
0,0,5212105127555,5212105127555,0,0,0,0,0,0,0,0,0,0,0,0,5212121794221,0,0,0,0,5212121794221,0,
0,0,5212505173056,5212505173056,0,0,0,0,0,0,0,0,0,0,0,0,5212521839722,0,0,0,0,5212521839722,0,
0,0,5213604948995,5213604948995,0,0,0,0,0,0,0,0,0,0,0,0,5213621615661,0,0,0,0,5213621615661,0,
0,0,5217805089091,5217805089091,0,0,0,0,0,0,0,0,0,0,0,0,5217821755757,0,0,0,0,5217821755757,0,
0,0,5219754221513,5219754221513,7,0,0,0,0,0,0,0,0,0,0,0,5219770888179,0,0,0,0,5219770888179,0,
0,0,5219779506226,5219779506226,7,0,0,0,0,0,0,0,0,0,0,0,5219796172892,0,0,0,0,5219796172892,0,
0,0,5219809594296,5219809594296,7,0,0,0,0,0,0,0,0,0,0,0,5219826260962,0,0,0,0,5219826260962,0,
0,0,5221709867159,5221709867159,0,0,0,0,0,0,0,0,0,0,0,0,5221726533825,0,0,0,0,5221726533825,0,
0,0,5224308824056,5224308824056,0,0,0,0,0,0,0,0,0,0,0,0,5224325490722,0,0,0,0,5224325490722,0,
0,0,5228509611230,5228509611230,0,0,0,0,0,0,0,0,0,0,0,0,5228526277896,0,0,0,0,5228526277896,0,
0,0,5228569219825,5228569219825,0,0,0,0,0,0,0,0,0,0,0,0,5228585886491,0,0,0,0,5228585886491,0,
0,0,5228659381900,5228659381900,0,0,0,0,0,0,0,0,0,0,0,0,5228676048566,0,0,0,0,5228676048566,0,
0,0,5228809611384,5228809611384,0,0,0,0,0,0,0,0,0,0,0,0,5228826278050,0,0,0,0,5228826278050,0,
0,0,5229209965682,5229209965682,0,0,0,0,0,0,0,0,0,0,0,0,5229226632348,0,0,0,0,5229226632348,0,
0,0,5230309123829,5230309123829,0,0,0,0,0,0,0,0,0,0,0,0,5230325790495,0,0,0,0,5230325790495,0,
0,0,5232908642802,5232908642802,0,0,0,0,0,0,0,0,0,0,0,0,5232925309468,0,0,0,0,5232925309468,0,
0,0,5237110059663,5237110059663,0,0,0,0,0,0,0,0,0,0,0,0,5237126726329,0,0,0,0,5237126726329,0,
0,0,5237170157415,5237170157415,0,0,0,0,0,0,0,0,0,0,0,0,5237186824081,0,0,0,0,5237186824081,0,
0,0,5237259223139,5237259223139,0,0,0,0,0,0,0,0,0,0,0,0,5237275889805,0,0,0,0,5237275889805,0,
0,0,5237409513354,5237409513354,0,0,0,0,0,0,0,0,0,0,0,0,5237426180020,0,0,0,0,5237426180020,0,
0,0,5237809476669,5237809476669,0,0,0,0,0,0,0,0,0,0,0,0,5237826143335,0,0,0,0,5237826143335,0,
0,0,5238909662285,5238909662285,0,0,0,0,0,0,0,0,0,0,0,0,5238926328951,0,0,0,0,5238926328951,0,
0,0,5241508901197,5241508901197,0,0,0,0,0,0,0,0,0,0,0,0,5241525567863,0,0,0,0,5241525567863,0,
0,0,5245708673669,5245708673669,0,0,0,0,0,0,0,0,0,0,0,0,5245725340335,0,0,0,0,5245725340335,0,
0,0,5245769742541,5245769742541,0,0,0,0,0,0,0,0,0,0,0,0,5245786409207,0,0,0,0,5245786409207,0,
0,0,5245859107906,5245859107906,0,0,0,0,0,0,0,0,0,0,0,0,5245875774572,0,0,0,0,5245875774572,0,
0,0,5246009327650,5246009327650,0,0,0,0,0,0,0,0,0,0,0,0,5246025994316,0,0,0,0,5246025994316,0,
0,0,5246408723660,5246408723660,0,0,0,0,0,0,0,0,0,0,0,0,5246425390326,0,0,0,0,5246425390326,0,
0,0,5247508868151,5247508868151,0,0,0,0,0,0,0,0,0,0,0,0,5247525534817,0,0,0,0,5247525534817,0,
0,0,5250109524131,5250109524131,0,0,0,0,0,0,0,0,0,0,0,0,5250126190797,0,0,0,0,5250126190797,0,
0,0,5254309052202,5254309052202,0,0,0,0,0,0,0,0,0,0,0,0,5254325718868,0,0,0,0,5254325718868,0,
0,0,5254369590615,5254369590615,0,0,0,0,0,0,0,0,0,0,0,0,5254386257281,0,0,0,0,5254386257281,0,
0,0,5254459807537,5254459807537,0,0,0,0,0,0,0,0,0,0,0,0,5254476474203,0,0,0,0,5254476474203,0,
0,0,5254608826669,5254608826669,0,0,0,0,0,0,0,0,0,0,0,0,5254625493335,0,0,0,0,5254625493335,0,
0,0,5255010140951,5255010140951,0,0,0,0,0,0,0,0,0,0,0,0,5255026807617,0,0,0,0,5255026807617,0,
0,0,5256110301690,5256110301690,0,0,0,0,0,0,0,0,0,0,0,0,5256126968356,0,0,0,0,5256126968356,0,
0,0,5258709850083,5258709850083,0,0,0,0,0,0,0,0,0,0,0,0,5258726516749,0,0,0,0,5258726516749,0,
0,0,5262908367151,5262908367151,0,0,0,0,0,0,0,0,0,0,0,0,5262925033817,0,0,0,0,5262925033817,0,
0,0,5265458374146,5265458374146,7,0,0,0,0,0,0,0,0,0,0,0,5265475040812,0,0,0,0,5265475040812,0,
0,0,5265483585517,5265483585517,7,0,0,0,0,0,0,0,0,0,0,0,5265500252183,0,0,0,0,5265500252183,0,
0,0,5265514188082,5265514188082,7,0,0,0,0,0,0,0,0,0,0,0,5265530854748,0,0,0,0,5265530854748,0,
0,0,5267414022061,5267414022061,0,0,0,0,0,0,0,0,0,0,0,0,5267430688727,0,0,0,0,5267430688727,0,
0,0,5271614960436,5271614960436,0,0,0,0,0,0,0,0,0,0,0,0,5271631627102,0,0,0,0,5271631627102,0,
0,0,5271673743642,5271673743642,0,0,0,0,0,0,0,0,0,0,0,0,5271690410308,0,0,0,0,5271690410308,0,
Stats since: 1ns
---PROFILEDATA---
Flags,FrameTimelineVsyncId,IntendedVsync,Vsync,InputEventId,HandleInputStart,AnimationStart,PerformTraversalsStart,DrawStart,FrameDeadline,FrameInterval,FrameStartTime,SyncQueued,SyncStart,IssueDrawCommandsStart,SwapBuffers,FrameCompleted,DequeueBufferDuration,QueueBufferDuration,GpuCompleted,SwapBuffersCompleted,DisplayPresentTime,CommandSubmissionCompleted,
0,0,5230309123829,5230309123829,0,0,0,0,0,0,0,0,0,0,0,0,5230325790495,0,0,0,0,5230325790495,0,
0,0,5232908642802,5232908642802,0,0,0,0,0,0,0,0,0,0,0,0,5232925309468,0,0,0,0,5232925309468,0,
0,0,5237110059663,5237110059663,0,0,0,0,0,0,0,0,0,0,0,0,5237126726329,0,0,0,0,5237126726329,0,
0,0,5237170157415,5237170157415,0,0,0,0,0,0,0,0,0,0,0,0,5237186824081,0,0,0,0,5237186824081,0,
0,0,5237259223139,5237259223139,0,0,0,0,0,0,0,0,0,0,0,0,5237275889805,0,0,0,0,5237275889805,0,
0,0,5237409513354,5237409513354,0,0,0,0,0,0,0,0,0,0,0,0,5237426180020,0,0,0,0,5237426180020,0,
0,0,5237809476669,5237809476669,0,0,0,0,0,0,0,0,0,0,0,0,5237826143335,0,0,0,0,5237826143335,0,
0,0,5238909662285,5238909662285,0,0,0,0,0,0,0,0,0,0,0,0,5238926328951,0,0,0,0,5238926328951,0,
0,0,5241508901197,5241508901197,0,0,0,0,0,0,0,0,0,0,0,0,5241525567863,0,0,0,0,5241525567863,0,
0,0,5245708673669,5245708673669,0,0,0,0,0,0,0,0,0,0,0,0,5245725340335,0,0,0,0,5245725340335,0,
0,0,5245769742541,5245769742541,0,0,0,0,0,0,0,0,0,0,0,0,5245786409207,0,0,0,0,5245786409207,0,
0,0,5245859107906,5245859107906,0,0,0,0,0,0,0,0,0,0,0,0,5245875774572,0,0,0,0,5245875774572,0,
0,0,5246009327650,5246009327650,0,0,0,0,0,0,0,0,0,0,0,0,5246025994316,0,0,0,0,5246025994316,0,
0,0,5246408723660,5246408723660,0,0,0,0,0,0,0,0,0,0,0,0,5246425390326,0,0,0,0,5246425390326,0,
0,0,5247508868151,5247508868151,0,0,0,0,0,0,0,0,0,0,0,0,5247525534817,0,0,0,0,5247525534817,0,
0,0,5250109524131,5250109524131,0,0,0,0,0,0,0,0,0,0,0,0,5250126190797,0,0,0,0,5250126190797,0,
0,0,5254309052202,5254309052202,0,0,0,0,0,0,0,0,0,0,0,0,5254325718868,0,0,0,0,5254325718868,0,
0,0,5254369590615,5254369590615,0,0,0,0,0,0,0,0,0,0,0,0,5254386257281,0,0,0,0,5254386257281,0,
0,0,5254459807537,5254459807537,0,0,0,0,0,0,0,0,0,0,0,0,5254476474203,0,0,0,0,5254476474203,0,
0,0,5254608826669,5254608826669,0,0,0,0,0,0,0,0,0,0,0,0,5254625493335,0,0,0,0,5254625493335,0,
0,0,5255010140951,5255010140951,0,0,0,0,0,0,0,0,0,0,0,0,5255026807617,0,0,0,0,5255026807617,0,
0,0,5256110301690,5256110301690,0,0,0,0,0,0,0,0,0,0,0,0,5256126968356,0,0,0,0,5256126968356,0,
0,0,5258709850083,5258709850083,0,0,0,0,0,0,0,0,0,0,0,0,5258726516749,0,0,0,0,5258726516749,0,
0,0,5262908367151,5262908367151,0,0,0,0,0,0,0,0,0,0,0,0,5262925033817,0,0,0,0,5262925033817,0,
0,0,5265458374146,5265458374146,7,0,0,0,0,0,0,0,0,0,0,0,5265475040812,0,0,0,0,5265475040812,0,
0,0,5265483585517,5265483585517,7,0,0,0,0,0,0,0,0,0,0,0,5265500252183,0,0,0,0,5265500252183,0,
0,0,5265514188082,5265514188082,7,0,0,0,0,0,0,0,0,0,0,0,5265530854748,0,0,0,0,5265530854748,0,
0,0,5267414022061,5267414022061,0,0,0,0,0,0,0,0,0,0,0,0,5267430688727,0,0,0,0,5267430688727,0,
0,0,5271614960436,5271614960436,0,0,0,0,0,0,0,0,0,0,0,0,5271631627102,0,0,0,0,5271631627102,0,
0,0,5271673743642,5271673743642,0,0,0,0,0,0,0,0,0,0,0,0,5271690410308,0,0,0,0,5271690410308,0,
0,0,5271764322566,5271764322566,0,0,0,0,0,0,0,0,0,0,0,0,5271780989232,0,0,0,0,5271780989232,0,
0,0,5271914540506,5271914540506,0,0,0,0,0,0,0,0,0,0,0,0,5271931207172,0,0,0,0,5271931207172,0,
0,0,5272315071561,5272315071561,0,0,0,0,0,0,0,0,0,0,0,0,5272331738227,0,0,0,0,5272331738227,0,
0,0,5273415224938,5273415224938,0,0,0,0,0,0,0,0,0,0,0,0,5273431891604,0,0,0,0,5273431891604,0,
0,0,5276014890631,5276014890631,0,0,0,0,0,0,0,0,0,0,0,0,5276031557297,0,0,0,0,5276031557297,0,
0,0,5280215086604,5280215086604,0,0,0,0,0,0,0,0,0,0,0,0,5280231753270,0,0,0,0,5280231753270,0,
0,0,5280274322159,5280274322159,0,0,0,0,0,0,0,0,0,0,0,0,5280290988825,0,0,0,0,5280290988825,0,
0,0,5280364845739,5280364845739,0,0,0,0,0,0,0,0,0,0,0,0,5280381512405,0,0,0,0,5280381512405,0,
0,0,5280515300521,5280515300521,0,0,0,0,0,0,0,0,0,0,0,0,5280531967187,0,0,0,0,5280531967187,0,
0,0,5280914832955,5280914832955,0,0,0,0,0,0,0,0,0,0,0,0,5280931499621,0,0,0,0,5280931499621,0,
0,0,5282015067267,5282015067267,0,0,0,0,0,0,0,0,0,0,0,0,5282031733933,0,0,0,0,5282031733933,0,
0,0,5284614671743,5284614671743,0,0,0,0,0,0,0,0,0,0,0,0,5284631338409,0,0,0,0,5284631338409,0,
0,0,5288813669531,5288813669531,0,0,0,0,0,0,0,0,0,0,0,0,5288830336197,0,0,0,0,5288830336197,0,
0,0,5288873362651,5288873362651,0,0,0,0,0,0,0,0,0,0,0,0,5288890029317,0,0,0,0,5288890029317,0,
0,0,5288965213666,5288965213666,0,0,0,0,0,0,0,0,0,0,0,0,5288981880332,0,0,0,0,5288981880332,0,
0,0,5289114422458,5289114422458,0,0,0,0,0,0,0,0,0,0,0,0,5289131089124,0,0,0,0,5289131089124,0,
0,0,5289513424860,5289513424860,0,0,0,0,0,0,0,0,0,0,0,0,5289530091526,0,0,0,0,5289530091526,0,
0,0,5290614624948,5290614624948,0,0,0,0,0,0,0,0,0,0,0,0,5290631291614,0,0,0,0,5290631291614,0,
0,0,5293213357941,5293213357941,0,0,0,0,0,0,0,0,0,0,0,0,5293230024607,0,0,0,0,5293230024607,0,
0,0,5297414339407,5297414339407,0,0,0,0,0,0,0,0,0,0,0,0,5297431006073,0,0,0,0,5297431006073,0,
0,0,5297474249668,5297474249668,0,0,0,0,0,0,0,0,0,0,0,0,5297490916334,0,0,0,0,5297490916334,0,
0,0,5297565230611,5297565230611,0,0,0,0,0,0,0,0,0,0,0,0,5297581897277,0,0,0,0,5297581897277,0,
0,0,5297714747186,5297714747186,0,0,0,0,0,0,0,0,0,0,0,0,5297731413852,0,0,0,0,5297731413852,0,
0,0,5298114899310,5298114899310,0,0,0,0,0,0,0,0,0,0,0,0,5298131565976,0,0,0,0,5298131565976,0,
0,0,5299214597515,5299214597515,0,0,0,0,0,0,0,0,0,0,0,0,5299231264181,0,0,0,0,5299231264181,0,
0,0,5301813880722,5301813880722,0,0,0,0,0,0,0,0,0,0,0,0,5301830547388,0,0,0,0,5301830547388,0,
0,0,5306015230899,5306015230899,0,0,0,0,0,0,0,0,0,0,0,0,5306031897565,0,0,0,0,5306031897565,0,
0,0,5310215100543,5310215100543,0,0,0,0,0,0,0,0,0,0,0,0,5310231767209,0,0,0,0,5310231767209,0,
0,0,5313664999650,5313664999650,7,0,0,0,0,0,0,0,0,0,0,0,5313681666316,0,0,0,0,5313681666316,0,
0,0,5313689251310,5313689251310,7,0,0,0,0,0,0,0,0,0,0,0,5313705917976,0,0,0,0,5313705917976,0,
0,0,5313718744459,5313718744459,7,0,0,0,0,0,0,0,0,0,0,0,5313735411125,0,0,0,0,5313735411125,0,
0,0,5315618674993,5315618674993,0,0,0,0,0,0,0,0,0,0,0,0,5315635341659,0,0,0,0,5315635341659,0,
0,0,5315679542580,5315679542580,0,0,0,0,0,0,0,0,0,0,0,0,5315696209246,0,0,0,0,5315696209246,0,
0,0,5315769800343,5315769800343,0,0,0,0,0,0,0,0,0,0,0,0,5315786467009,0,0,0,0,5315786467009,0,
0,0,5315919727484,5315919727484,0,0,0,0,0,0,0,0,0,0,0,0,5315936394150,0,0,0,0,5315936394150,0,
0,0,5316319960143,5316319960143,0,0,0,0,0,0,0,0,0,0,0,0,5316336626809,0,0,0,0,5316336626809,0,
0,0,5317418738107,5317418738107,0,0,0,0,0,0,0,0,0,0,0,0,5317435404773,0,0,0,0,5317435404773,0,
0,0,5320019750579,5320019750579,0,0,0,0,0,0,0,0,0,0,0,0,5320036417245,0,0,0,0,5320036417245,0,
0,0,5324218344018,5324218344018,0,0,0,0,0,0,0,0,0,0,0,0,5324235010684,0,0,0,0,5324235010684,0,
0,0,5324278343437,5324278343437,0,0,0,0,0,0,0,0,0,0,0,0,5324295010103,0,0,0,0,5324295010103,0,
0,0,5324368388761,5324368388761,0,0,0,0,0,0,0,0,0,0,0,0,5324385055427,0,0,0,0,5324385055427,0,
0,0,5324518752394,5324518752394,0,0,0,0,0,0,0,0,0,0,0,0,5324535419060,0,0,0,0,5324535419060,0,
0,0,5324918463887,5324918463887,0,0,0,0,0,0,0,0,0,0,0,0,5324935130553,0,0,0,0,5324935130553,0,
0,0,5326019816864,5326019816864,0,0,0,0,0,0,0,0,0,0,0,0,5326036483530,0,0,0,0,5326036483530,0,
0,0,5328619788020,5328619788020,0,0,0,0,0,0,0,0,0,0,0,0,5328636454686,0,0,0,0,5328636454686,0,
0,0,5332820233319,5332820233319,0,0,0,0,0,0,0,0,0,0,0,0,5332836899985,0,0,0,0,5332836899985,0,
0,0,5332880234115,5332880234115,0,0,0,0,0,0,0,0,0,0,0,0,5332896900781,0,0,0,0,5332896900781,0,
0,0,5332968532712,5332968532712,0,0,0,0,0,0,0,0,0,0,0,0,5332985199378,0,0,0,0,5332985199378,0,
0,0,5333119196687,5333119196687,0,0,0,0,0,0,0,0,0,0,0,0,5333135863353,0,0,0,0,5333135863353,0,
0,0,5333519808531,5333519808531,0,0,0,0,0,0,0,0,0,0,0,0,5333536475197,0,0,0,0,5333536475197,0,
0,0,5334619890729,5334619890729,0,0,0,0,0,0,0,0,0,0,0,0,5334636557395,0,0,0,0,5334636557395,0,
0,0,5337218398498,5337218398498,0,0,0,0,0,0,0,0,0,0,0,0,5337235065164,0,0,0,0,5337235065164,0,
0,0,5341419878318,5341419878318,0,0,0,0,0,0,0,0,0,0,0,0,5341436544984,0,0,0,0,5341436544984,0,
0,0,5341479199644,5341479199644,0,0,0,0,0,0,0,0,0,0,0,0,5341495866310,0,0,0,0,5341495866310,0,
0,0,5341569797101,5341569797101,0,0,0,0,0,0,0,0,0,0,0,0,5341586463767,0,0,0,0,5341586463767,0,
0,0,5341718630976,5341718630976,0,0,0,0,0,0,0,0,0,0,0,0,5341735297642,0,0,0,0,5341735297642,0,
0,0,5342119583953,5342119583953,0,0,0,0,0,0,0,0,0,0,0,0,5342136250619,0,0,0,0,5342136250619,0,
0,0,5343218892382,5343218892382,0,0,0,0,0,0,0,0,0,0,0,0,5343235559048,0,0,0,0,5343235559048,0,
0,0,5345818351129,5345818351129,0,0,0,0,0,0,0,0,0,0,0,0,5345835017795,0,0,0,0,5345835017795,0,
0,0,5350019220610,5350019220610,0,0,0,0,0,0,0,0,0,0,0,0,5350035887276,0,0,0,0,5350035887276,0,
0,0,5350080299624,5350080299624,0,0,0,0,0,0,0,0,0,0,0,0,5350096966290,0,0,0,0,5350096966290,0,
0,0,5354279860504,5354279860504,0,0,0,0,0,0,0,0,0,0,0,0,5354296527170,0,0,0,0,5354296527170,0,
0,0,5359429249871,5359429249871,7,0,0,0,0,0,0,0,0,0,0,0,5359445916537,0,0,0,0,5359445916537,0,
0,0,5359453896125,5359453896125,7,0,0,0,0,0,0,0,0,0,0,0,5359470562791,0,0,0,0,5359470562791,0,
0,0,5359484705441,5359484705441,7,0,0,0,0,0,0,0,0,0,0,0,5359501372107,0,0,0,0,5359501372107,0,
0,0,5361384103054,5361384103054,0,0,0,0,0,0,0,0,0,0,0,0,5361400769720,0,0,0,0,5361400769720,0,
0,0,5361475124005,5361475124005,0,0,0,0,0,0,0,0,0,0,0,0,5361491790671,0,0,0,0,5361491790671,0,
0,0,5361624591514,5361624591514,0,0,0,0,0,0,0,0,0,0,0,0,5361641258180,0,0,0,0,5361641258180,0,
0,0,5362024199349,5362024199349,0,0,0,0,0,0,0,0,0,0,0,0,5362040866015,0,0,0,0,5362040866015,0,
0,0,5363125315778,5363125315778,0,0,0,0,0,0,0,0,0,0,0,0,5363141982444,0,0,0,0,5363141982444,0,
0,0,5365725092277,5365725092277,0,0,0,0,0,0,0,0,0,0,0,0,5365741758943,0,0,0,0,5365741758943,0,
0,0,5369923692899,5369923692899,0,0,0,0,0,0,0,0,0,0,0,0,5369940359565,0,0,0,0,5369940359565,0,
0,0,5369983831663,5369983831663,0,0,0,0,0,0,0,0,0,0,0,0,5370000498329,0,0,0,0,5370000498329,0,
0,0,5370074458339,5370074458339,0,0,0,0,0,0,0,0,0,0,0,0,5370091125005,0,0,0,0,5370091125005,0,
0,0,5370223514565,5370223514565,0,0,0,0,0,0,0,0,0,0,0,0,5370240181231,0,0,0,0,5370240181231,0,
0,0,5370624487962,5370624487962,0,0,0,0,0,0,0,0,0,0,0,0,5370641154628,0,0,0,0,5370641154628,0,
0,0,5371723660001,5371723660001,0,0,0,0,0,0,0,0,0,0,0,0,5371740326667,0,0,0,0,5371740326667,0,
0,0,5374323856211,5374323856211,0,0,0,0,0,0,0,0,0,0,0,0,5374340522877,0,0,0,0,5374340522877,0,
0,0,5378523728608,5378523728608,0,0,0,0,0,0,0,0,0,0,0,0,5378540395274,0,0,0,0,5378540395274,0,
0,0,5378584488534,5378584488534,0,0,0,0,0,0,0,0,0,0,0,0,5378601155200,0,0,0,0,5378601155200,0,
0,0,5378675057244,5378675057244,0,0,0,0,0,0,0,0,0,0,0,0,5378691723910,0,0,0,0,5378691723910,0,
0,0,5378824182229,5378824182229,0,0,0,0,0,0,0,0,0,0,0,0,5378840848895,0,0,0,0,5378840848895,0,
0,0,5379223358745,5379223358745,0,0,0,0,0,0,0,0,0,0,0,0,5379240025411,0,0,0,0,5379240025411,0,
0,0,5380324952232,5380324952232,0,0,0,0,0,0,0,0,0,0,0,0,5380341618898,0,0,0,0,5380341618898,0,
0,0,5382925018104,5382925018104,0,0,0,0,0,0,0,0,0,0,0,0,5382941684770,0,0,0,0,5382941684770,0,
0,0,5387124983142,5387124983142,0,0,0,0,0,0,0,0,0,0,0,0,5387141649808,0,0,0,0,5387141649808,0,
0,0,5387185112694,5387185112694,0,0,0,0,0,0,0,0,0,0,0,0,5387201779360,0,0,0,0,5387201779360,0,
0,0,5387275083675,5387275083675,0,0,0,0,0,0,0,0,0,0,0,0,5387291750341,0,0,0,0,5387291750341,0,
0,0,5387424996546,5387424996546,0,0,0,0,0,0,0,0,0,0,0,0,5387441663212,0,0,0,0,5387441663212,0,
0,0,5387824577912,5387824577912,0,0,0,0,0,0,0,0,0,0,0,0,5387841244578,0,0,0,0,5387841244578,0,
Stats since: 1ns
---PROFILEDATA---
Flags,FrameTimelineVsyncId,IntendedVsync,Vsync,InputEventId,HandleInputStart,AnimationStart,PerformTraversalsStart,DrawStart,FrameDeadline,FrameInterval,FrameStartTime,SyncQueued,SyncStart,IssueDrawCommandsStart,SwapBuffers,FrameCompleted,DequeueBufferDuration,QueueBufferDuration,GpuCompleted,SwapBuffersCompleted,DisplayPresentTime,CommandSubmissionCompleted,
0,0,5350080299624,5350080299624,0,0,0,0,0,0,0,0,0,0,0,0,5350096966290,0,0,0,0,5350096966290,0,
0,0,5354279860504,5354279860504,0,0,0,0,0,0,0,0,0,0,0,0,5354296527170,0,0,0,0,5354296527170,0,
0,0,5359429249871,5359429249871,7,0,0,0,0,0,0,0,0,0,0,0,5359445916537,0,0,0,0,5359445916537,0,
0,0,5359453896125,5359453896125,7,0,0,0,0,0,0,0,0,0,0,0,5359470562791,0,0,0,0,5359470562791,0,
0,0,5359484705441,5359484705441,7,0,0,0,0,0,0,0,0,0,0,0,5359501372107,0,0,0,0,5359501372107,0,
0,0,5361384103054,5361384103054,0,0,0,0,0,0,0,0,0,0,0,0,5361400769720,0,0,0,0,5361400769720,0,
0,0,5361475124005,5361475124005,0,0,0,0,0,0,0,0,0,0,0,0,5361491790671,0,0,0,0,5361491790671,0,
0,0,5361624591514,5361624591514,0,0,0,0,0,0,0,0,0,0,0,0,5361641258180,0,0,0,0,5361641258180,0,
0,0,5362024199349,5362024199349,0,0,0,0,0,0,0,0,0,0,0,0,5362040866015,0,0,0,0,5362040866015,0,
0,0,5363125315778,5363125315778,0,0,0,0,0,0,0,0,0,0,0,0,5363141982444,0,0,0,0,5363141982444,0,
0,0,5365725092277,5365725092277,0,0,0,0,0,0,0,0,0,0,0,0,5365741758943,0,0,0,0,5365741758943,0,
0,0,5369923692899,5369923692899,0,0,0,0,0,0,0,0,0,0,0,0,5369940359565,0,0,0,0,5369940359565,0,
0,0,5369983831663,5369983831663,0,0,0,0,0,0,0,0,0,0,0,0,5370000498329,0,0,0,0,5370000498329,0,
0,0,5370074458339,5370074458339,0,0,0,0,0,0,0,0,0,0,0,0,5370091125005,0,0,0,0,5370091125005,0,
0,0,5370223514565,5370223514565,0,0,0,0,0,0,0,0,0,0,0,0,5370240181231,0,0,0,0,5370240181231,0,
0,0,5370624487962,5370624487962,0,0,0,0,0,0,0,0,0,0,0,0,5370641154628,0,0,0,0,5370641154628,0,
0,0,5371723660001,5371723660001,0,0,0,0,0,0,0,0,0,0,0,0,5371740326667,0,0,0,0,5371740326667,0,
0,0,5374323856211,5374323856211,0,0,0,0,0,0,0,0,0,0,0,0,5374340522877,0,0,0,0,5374340522877,0,
0,0,5378523728608,5378523728608,0,0,0,0,0,0,0,0,0,0,0,0,5378540395274,0,0,0,0,5378540395274,0,
0,0,5378584488534,5378584488534,0,0,0,0,0,0,0,0,0,0,0,0,5378601155200,0,0,0,0,5378601155200,0,
0,0,5378675057244,5378675057244,0,0,0,0,0,0,0,0,0,0,0,0,5378691723910,0,0,0,0,5378691723910,0,
0,0,5378824182229,5378824182229,0,0,0,0,0,0,0,0,0,0,0,0,5378840848895,0,0,0,0,5378840848895,0,
0,0,5379223358745,5379223358745,0,0,0,0,0,0,0,0,0,0,0,0,5379240025411,0,0,0,0,5379240025411,0,
0,0,5380324952232,5380324952232,0,0,0,0,0,0,0,0,0,0,0,0,5380341618898,0,0,0,0,5380341618898,0,
0,0,5382925018104,5382925018104,0,0,0,0,0,0,0,0,0,0,0,0,5382941684770,0,0,0,0,5382941684770,0,
0,0,5387124983142,5387124983142,0,0,0,0,0,0,0,0,0,0,0,0,5387141649808,0,0,0,0,5387141649808,0,
0,0,5387185112694,5387185112694,0,0,0,0,0,0,0,0,0,0,0,0,5387201779360,0,0,0,0,5387201779360,0,
0,0,5387275083675,5387275083675,0,0,0,0,0,0,0,0,0,0,0,0,5387291750341,0,0,0,0,5387291750341,0,
0,0,5387424996546,5387424996546,0,0,0,0,0,0,0,0,0,0,0,0,5387441663212,0,0,0,0,5387441663212,0,
0,0,5387824577912,5387824577912,0,0,0,0,0,0,0,0,0,0,0,0,5387841244578,0,0,0,0,5387841244578,0,
0,0,5388923508268,5388923508268,0,0,0,0,0,0,0,0,0,0,0,0,5388940174934,0,0,0,0,5388940174934,0,
0,0,5391525118800,5391525118800,0,0,0,0,0,0,0,0,0,0,0,0,5391541785466,0,0,0,0,5391541785466,0,
0,0,5395723729887,5395723729887,0,0,0,0,0,0,0,0,0,0,0,0,5395740396553,0,0,0,0,5395740396553,0,
0,0,5395784587921,5395784587921,0,0,0,0,0,0,0,0,0,0,0,0,5395801254587,0,0,0,0,5395801254587,0,
0,0,5395873691695,5395873691695,0,0,0,0,0,0,0,0,0,0,0,0,5395890358361,0,0,0,0,5395890358361,0,
0,0,5400073810359,5400073810359,0,0,0,0,0,0,0,0,0,0,0,0,5400090477025,0,0,0,0,5400090477025,0,
0,0,5402023913183,5402023913183,7,0,0,0,0,0,0,0,0,0,0,0,5402040579849,0,0,0,0,5402040579849,0,
0,0,5402050313825,5402050313825,7,0,0,0,0,0,0,0,0,0,0,0,5402066980491,0,0,0,0,5402066980491,0,
0,0,5402079168518,5402079168518,7,0,0,0,0,0,0,0,0,0,0,0,5402095835184,0,0,0,0,5402095835184,0,
0,0,5403978420416,5403978420416,0,0,0,0,0,0,0,0,0,0,0,0,5403995087082,0,0,0,0,5403995087082,0,
0,0,5404130327355,5404130327355,0,0,0,0,0,0,0,0,0,0,0,0,5404146994021,0,0,0,0,5404146994021,0,
0,0,5404529005619,5404529005619,0,0,0,0,0,0,0,0,0,0,0,0,5404545672285,0,0,0,0,5404545672285,0,
0,0,5405628764420,5405628764420,0,0,0,0,0,0,0,0,0,0,0,0,5405645431086,0,0,0,0,5405645431086,0,
0,0,5408228391192,5408228391192,0,0,0,0,0,0,0,0,0,0,0,0,5408245057858,0,0,0,0,5408245057858,0,
0,0,5412429958658,5412429958658,0,0,0,0,0,0,0,0,0,0,0,0,5412446625324,0,0,0,0,5412446625324,0,
0,0,5412490150808,5412490150808,0,0,0,0,0,0,0,0,0,0,0,0,5412506817474,0,0,0,0,5412506817474,0,
0,0,5412579531977,5412579531977,0,0,0,0,0,0,0,0,0,0,0,0,5412596198643,0,0,0,0,5412596198643,0,
0,0,5412729103843,5412729103843,0,0,0,0,0,0,0,0,0,0,0,0,5412745770509,0,0,0,0,5412745770509,0,
0,0,5413129721878,5413129721878,0,0,0,0,0,0,0,0,0,0,0,0,5413146388544,0,0,0,0,5413146388544,0,
0,0,5414229054756,5414229054756,0,0,0,0,0,0,0,0,0,0,0,0,5414245721422,0,0,0,0,5414245721422,0,
0,0,5416830089754,5416830089754,0,0,0,0,0,0,0,0,0,0,0,0,5416846756420,0,0,0,0,5416846756420,0,
0,0,5421030124995,5421030124995,0,0,0,0,0,0,0,0,0,0,0,0,5421046791661,0,0,0,0,5421046791661,0,
0,0,5421089527757,5421089527757,0,0,0,0,0,0,0,0,0,0,0,0,5421106194423,0,0,0,0,5421106194423,0,
0,0,5421180225551,5421180225551,0,0,0,0,0,0,0,0,0,0,0,0,5421196892217,0,0,0,0,5421196892217,0,
0,0,5421328436272,5421328436272,0,0,0,0,0,0,0,0,0,0,0,0,5421345102938,0,0,0,0,5421345102938,0,
0,0,5421728819907,5421728819907,0,0,0,0,0,0,0,0,0,0,0,0,5421745486573,0,0,0,0,5421745486573,0,
0,0,5422829913880,5422829913880,0,0,0,0,0,0,0,0,0,0,0,0,5422846580546,0,0,0,0,5422846580546,0,
0,0,5425428859038,5425428859038,0,0,0,0,0,0,0,0,0,0,0,0,5425445525704,0,0,0,0,5425445525704,0,
0,0,5429629349564,5429629349564,0,0,0,0,0,0,0,0,0,0,0,0,5429646016230,0,0,0,0,5429646016230,0,
0,0,5429689647600,5429689647600,0,0,0,0,0,0,0,0,0,0,0,0,5429706314266,0,0,0,0,5429706314266,0,
0,0,5429780054055,5429780054055,0,0,0,0,0,0,0,0,0,0,0,0,5429796720721,0,0,0,0,5429796720721,0,
0,0,5429928689861,5429928689861,0,0,0,0,0,0,0,0,0,0,0,0,5429945356527,0,0,0,0,5429945356527,0,
0,0,5430328603565,5430328603565,0,0,0,0,0,0,0,0,0,0,0,0,5430345270231,0,0,0,0,5430345270231,0,
0,0,5431428963719,5431428963719,0,0,0,0,0,0,0,0,0,0,0,0,5431445630385,0,0,0,0,5431445630385,0,
0,0,5434029834984,5434029834984,0,0,0,0,0,0,0,0,0,0,0,0,5434046501650,0,0,0,0,5434046501650,0,
0,0,5438229997082,5438229997082,0,0,0,0,0,0,0,0,0,0,0,0,5438246663748,0,0,0,0,5438246663748,0,
0,0,5438289963770,5438289963770,0,0,0,0,0,0,0,0,0,0,0,0,5438306630436,0,0,0,0,5438306630436,0,
0,0,5438378706690,5438378706690,0,0,0,0,0,0,0,0,0,0,0,0,5438395373356,0,0,0,0,5438395373356,0,
0,0,5438529957781,5438529957781,0,0,0,0,0,0,0,0,0,0,0,0,5438546624447,0,0,0,0,5438546624447,0,
0,0,5442728744129,5442728744129,0,0,0,0,0,0,0,0,0,0,0,0,5442745410795,0,0,0,0,5442745410795,0,
