Stats since: 1ns
---PROFILEDATA---
Flags,FrameTimelineVsyncId,IntendedVsync,Vsync,InputEventId,HandleInputStart,AnimationStart,PerformTraversalsStart,DrawStart,FrameDeadline,FrameInterval,FrameStartTime,SyncQueued,SyncStart,IssueDrawCommandsStart,SwapBuffers,FrameCompleted,DequeueBufferDuration,QueueBufferDuration,GpuCompleted,SwapBuffersCompleted,DisplayPresentTime,CommandSubmissionCompleted,
0,0,5000128750460,5000128750460,7,0,0,0,0,0,0,0,0,0,0,0,5000145417126,0,0,0,0,5000145417126,0,
0,0,5000154231118,5000154231118,7,0,0,0,0,0,0,0,0,0,0,0,5000170897784,0,0,0,0,5000170897784,0,
0,0,5000184937575,5000184937575,7,0,0,0,0,0,0,0,0,0,0,0,5000201604241,0,0,0,0,5000201604241,0,
0,0,5002084724814,5002084724814,0,0,0,0,0,0,0,0,0,0,0,0,5002101391480,0,0,0,0,5002101391480,0,
0,0,5002144083770,5002144083770,0,0,0,0,0,0,0,0,0,0,0,0,5002160750436,0,0,0,0,5002160750436,0,
0,0,5002234822145,5002234822145,0,0,0,0,0,0,0,0,0,0,0,0,5002251488811,0,0,0,0,5002251488811,0,
0,0,5002355122971,5002355122971,0,0,0,0,0,0,0,0,0,0,0,0,5002371789637,0,0,0,0,5002371789637,0,
0,0,5002553697522,5002553697522,0,0,0,0,0,0,0,0,0,0,0,0,5002570364188,0,0,0,0,5002570364188,0,
0,0,5002933668201,5002933668201,0,0,0,0,0,0,0,0,0,0,0,0,5002950334867,0,0,0,0,5002950334867,0,
0,0,5003574642998,5003574642998,0,0,0,0,0,0,0,0,0,0,0,0,5003591309664,0,0,0,0,5003591309664,0,
0,0,5004474901684,5004474901684,0,0,0,0,0,0,0,0,0,0,0,0,5004491568350,0,0,0,0,5004491568350,0,
0,0,5004534518818,5004534518818,0,0,0,0,0,0,0,0,0,0,0,0,5004551185484,0,0,0,0,5004551185484,0,
0,0,5004624972813,5004624972813,0,0,0,0,0,0,0,0,0,0,0,0,5004641639479,0,0,0,0,5004641639479,0,
0,0,5004744559127,5004744559127,0,0,0,0,0,0,0,0,0,0,0,0,5004761225793,0,0,0,0,5004761225793,0,
0,0,5004943675698,5004943675698,0,0,0,0,0,0,0,0,0,0,0,0,5004960342364,0,0,0,0,5004960342364,0,
0,0,5005325140277,5005325140277,0,0,0,0,0,0,0,0,0,0,0,0,5005341806943,0,0,0,0,5005341806943,0,
0,0,5005964848843,5005964848843,0,0,0,0,0,0,0,0,0,0,0,0,5005981515509,0,0,0,0,5005981515509,0,
0,0,5006863996583,5006863996583,0,0,0,0,0,0,0,0,0,0,0,0,5006880663249,0,0,0,0,5006880663249,0,
0,0,5006925033679,5006925033679,0,0,0,0,0,0,0,0,0,0,0,0,5006941700345,0,0,0,0,5006941700345,0,
0,0,5007014829602,5007014829602,0,0,0,0,0,0,0,0,0,0,0,0,5007031496268,0,0,0,0,5007031496268,0,
0,0,5007133724055,5007133724055,0,0,0,0,0,0,0,0,0,0,0,0,5007150390721,0,0,0,0,5007150390721,0,
0,0,5007334244070,5007334244070,0,0,0,0,0,0,0,0,0,0,0,0,5007350910736,0,0,0,0,5007350910736,0,
0,0,5007713491462,5007713491462,0,0,0,0,0,0,0,0,0,0,0,0,5007730158128,0,0,0,0,5007730158128,0,
0,0,5008353984646,5008353984646,0,0,0,0,0,0,0,0,0,0,0,0,5008370651312,0,0,0,0,5008370651312,0,
0,0,5009255046723,5009255046723,0,0,0,0,0,0,0,0,0,0,0,0,5009271713389,0,0,0,0,5009271713389,0,
0,0,5009314217535,5009314217535,0,0,0,0,0,0,0,0,0,0,0,0,5009330884201,0,0,0,0,5009330884201,0,
0,0,5009405260548,5009405260548,0,0,0,0,0,0,0,0,0,0,0,0,5009421927214,0,0,0,0,5009421927214,0,
0,0,5009523442720,5009523442720,0,0,0,0,0,0,0,0,0,0,0,0,5009540109386,0,0,0,0,5009540109386,0,
0,0,5009724703534,5009724703534,0,0,0,0,0,0,0,0,0,0,0,0,5009741370200,0,0,0,0,5009741370200,0,
0,0,5010105045905,5010105045905,0,0,0,0,0,0,0,0,0,0,0,0,5010121712571,0,0,0,0,5010121712571,0,
0,0,5010744106516,5010744106516,0,0,0,0,0,0,0,0,0,0,0,0,5010760773182,0,0,0,0,5010760773182,0,
0,0,5011643965748,5011643965748,0,0,0,0,0,0,0,0,0,0,0,0,5011660632414,0,0,0,0,5011660632414,0,
0,0,5011704102332,5011704102332,0,0,0,0,0,0,0,0,0,0,0,0,5011720768998,0,0,0,0,5011720768998,0,
0,0,5012603942228,5012603942228,0,0,0,0,0,0,0,0,0,0,0,0,5012620608894,0,0,0,0,5012620608894,0,
0,0,5015755171595,5015755171595,7,0,0,0,0,0,0,0,0,0,0,0,5015771838261,0,0,0,0,5015771838261,0,
0,0,5015779112287,5015779112287,7,0,0,0,0,0,0,0,0,0,0,0,5015795778953,0,0,0,0,5015795778953,0,
0,0,5015808903118,5015808903118,7,0,0,0,0,0,0,0,0,0,0,0,5015825569784,0,0,0,0,5015825569784,0,
0,0,5017708620980,5017708620980,0,0,0,0,0,0,0,0,0,0,0,0,5017725287646,0,0,0,0,5017725287646,0,
0,0,5017799648007,5017799648007,0,0,0,0,0,0,0,0,0,0,0,0,5017816314673,0,0,0,0,5017816314673,0,
0,0,5017920047956,5017920047956,0,0,0,0,0,0,0,0,0,0,0,0,5017936714622,0,0,0,0,5017936714622,0,
0,0,5018120113707,5018120113707,0,0,0,0,0,0,0,0,0,0,0,0,5018136780373,0,0,0,0,5018136780373,0,
0,0,5018499223720,5018499223720,0,0,0,0,0,0,0,0,0,0,0,0,5018515890386,0,0,0,0,5018515890386,0,
0,0,5019139107999,5019139107999,0,0,0,0,0,0,0,0,0,0,0,0,5019155774665,0,0,0,0,5019155774665,0,
0,0,5020039130533,5020039130533,0,0,0,0,0,0,0,0,0,0,0,0,5020055797199,0,0,0,0,5020055797199,0,
0,0,5020099759744,5020099759744,0,0,0,0,0,0,0,0,0,0,0,0,5020116426410,0,0,0,0,5020116426410,0,
0,0,5020189543040,5020189543040,0,0,0,0,0,0,0,0,0,0,0,0,5020206209706,0,0,0,0,5020206209706,0,
0,0,5020308514486,5020308514486,0,0,0,0,0,0,0,0,0,0,0,0,5020325181152,0,0,0,0,5020325181152,0,
0,0,5020508447989,5020508447989,0,0,0,0,0,0,0,0,0,0,0,0,5020525114655,0,0,0,0,5020525114655,0,
0,0,5020889907688,5020889907688,0,0,0,0,0,0,0,0,0,0,0,0,5020906574354,0,0,0,0,5020906574354,0,
0,0,5021529724850,5021529724850,0,0,0,0,0,0,0,0,0,0,0,0,5021546391516,0,0,0,0,5021546391516,0,
0,0,5022428506653,5022428506653,0,0,0,0,0,0,0,0,0,0,0,0,5022445173319,0,0,0,0,5022445173319,0,
0,0,5022490214889,5022490214889,0,0,0,0,0,0,0,0,0,0,0,0,5022506881555,0,0,0,0,5022506881555,0,
0,0,5022579647483,5022579647483,0,0,0,0,0,0,0,0,0,0,0,0,5022596314149,0,0,0,0,5022596314149,0,
0,0,5022699315618,5022699315618,0,0,0,0,0,0,0,0,0,0,0,0,5022715982284,0,0,0,0,5022715982284,0,
0,0,5022899033447,5022899033447,0,0,0,0,0,0,0,0,0,0,0,0,5022915700113,0,0,0,0,5022915700113,0,
0,0,5023280198107,5023280198107,0,0,0,0,0,0,0,0,0,0,0,0,5023296864773,0,0,0,0,5023296864773,0,
0,0,5023919239461,5023919239461,0,0,0,0,0,0,0,0,0,0,0,0,5023935906127,0,0,0,0,5023935906127,0,
0,0,5024819857580,5024819857580,0,0,0,0,0,0,0,0,0,0,0,0,5024836524246,0,0,0,0,5024836524246,0,
0,0,5024878919565,5024878919565,0,0,0,0,0,0,0,0,0,0,0,0,5024895586231,0,0,0,0,5024895586231,0,
0,0,5024968396539,5024968396539,0,0,0,0,0,0,0,0,0,0,0,0,5024985063205,0,0,0,0,5024985063205,0,
0,0,5025089995899,5025089995899,0,0,0,0,0,0,0,0,0,0,0,0,5025106662565,0,0,0,0,5025106662565,0,
0,0,5025289136051,5025289136051,0,0,0,0,0,0,0,0,0,0,0,0,5025305802717,0,0,0,0,5025305802717,0,
0,0,5025669311801,5025669311801,0,0,0,0,0,0,0,0,0,0,0,0,5025685978467,0,0,0,0,5025685978467,0,
0,0,5026308560542,5026308560542,0,0,0,0,0,0,0,0,0,0,0,0,5026325227208,0,0,0,0,5026325227208,0,
0,0,5027208830883,5027208830883,0,0,0,0,0,0,0,0,0,0,0,0,5027225497549,0,0,0,0,5027225497549,0,
0,0,5027269797536,5027269797536,0,0,0,0,0,0,0,0,0,0,0,0,5027286464202,0,0,0,0,5027286464202,0,
0,0,5027359715536,5027359715536,0,0,0,0,0,0,0,0,0,0,0,0,5027376382202,0,0,0,0,5027376382202,0,
0,0,5028258592934,5028258592934,0,0,0,0,0,0,0,0,0,0,0,0,5028275259600,0,0,0,0,5028275259600,0,
0,0,5032609135197,5032609135197,7,0,0,0,0,0,0,0,0,0,0,0,5032625801863,0,0,0,0,5032625801863,0,
0,0,5032634557875,5032634557875,7,0,0,0,0,0,0,0,0,0,0,0,5032651224541,0,0,0,0,5032651224541,0,
0,0,5032664804121,5032664804121,7,0,0,0,0,0,0,0,0,0,0,0,5032681470787,0,0,0,0,5032681470787,0,
0,0,5034563350055,5034563350055,0,0,0,0,0,0,0,0,0,0,0,0,5034580016721,0,0,0,0,5034580016721,0,
0,0,5034684119794,5034684119794,0,0,0,0,0,0,0,0,0,0,0,0,5034700786460,0,0,0,0,5034700786460,0,
0,0,5034884943312,5034884943312,0,0,0,0,0,0,0,0,0,0,0,0,5034901609978,0,0,0,0,5034901609978,0,
0,0,5035265267136,5035265267136,0,0,0,0,0,0,0,0,0,0,0,0,5035281933802,0,0,0,0,5035281933802,0,
0,0,5035903398862,5035903398862,0,0,0,0,0,0,0,0,0,0,0,0,5035920065528,0,0,0,0,5035920065528,0,
0,0,5036804463204,5036804463204,0,0,0,0,0,0,0,0,0,0,0,0,5036821129870,0,0,0,0,5036821129870,0,
0,0,5036863753505,5036863753505,0,0,0,0,0,0,0,0,0,0,0,0,5036880420171,0,0,0,0,5036880420171,0,
0,0,5036955031078,5036955031078,0,0,0,0,0,0,0,0,0,0,0,0,5036971697744,0,0,0,0,5036971697744,0,
0,0,5037074911166,5037074911166,0,0,0,0,0,0,0,0,0,0,0,0,5037091577832,0,0,0,0,5037091577832,0,
0,0,5037273368803,5037273368803,0,0,0,0,0,0,0,0,0,0,0,0,5037290035469,0,0,0,0,5037290035469,0,
0,0,5037653356777,5037653356777,0,0,0,0,0,0,0,0,0,0,0,0,5037670023443,0,0,0,0,5037670023443,0,
0,0,5038294171220,5038294171220,0,0,0,0,0,0,0,0,0,0,0,0,5038310837886,0,0,0,0,5038310837886,0,
0,0,5039193623878,5039193623878,0,0,0,0,0,0,0,0,0,0,0,0,5039210290544,0,0,0,0,5039210290544,0,
0,0,5039254345479,5039254345479,0,0,0,0,0,0,0,0,0,0,0,0,5039271012145,0,0,0,0,5039271012145,0,
0,0,5039344140046,5039344140046,0,0,0,0,0,0,0,0,0,0,0,0,5039360806712,0,0,0,0,5039360806712,0,
0,0,5039464376455,5039464376455,0,0,0,0,0,0,0,0,0,0,0,0,5039481043121,0,0,0,0,5039481043121,0,
0,0,5039663633719,5039663633719,0,0,0,0,0,0,0,0,0,0,0,0,5039680300385,0,0,0,0,5039680300385,0,
0,0,5040044364888,5040044364888,0,0,0,0,0,0,0,0,0,0,0,0,5040061031554,0,0,0,0,5040061031554,0,
0,0,5040684668878,5040684668878,0,0,0,0,0,0,0,0,0,0,0,0,5040701335544,0,0,0,0,5040701335544,0,
0,0,5041584031513,5041584031513,0,0,0,0,0,0,0,0,0,0,0,0,5041600698179,0,0,0,0,5041600698179,0,
0,0,5041645174390,5041645174390,0,0,0,0,0,0,0,0,0,0,0,0,5041661841056,0,0,0,0,5041661841056,0,
0,0,5041733528877,5041733528877,0,0,0,0,0,0,0,0,0,0,0,0,5041750195543,0,0,0,0,5041750195543,0,
0,0,5041853916630,5041853916630,0,0,0,0,0,0,0,0,0,0,0,0,5041870583296,0,0,0,0,5041870583296,0,
0,0,5042053633467,5042053633467,0,0,0,0,0,0,0,0,0,0,0,0,5042070300133,0,0,0,0,5042070300133,0,
0,0,5042435186283,5042435186283,0,0,0,0,0,0,0,0,0,0,0,0,5042451852949,0,0,0,0,5042451852949,0,
0,0,5043074032028,5043074032028,0,0,0,0,0,0,0,0,0,0,0,0,5043090698694,0,0,0,0,5043090698694,0,
0,0,5043974118716,5043974118716,0,0,0,0,0,0,0,0,0,0,0,0,5043990785382,0,0,0,0,5043990785382,0,
0,0,5044034747733,5044034747733,0,0,0,0,0,0,0,0,0,0,0,0,5044051414399,0,0,0,0,5044051414399,0,
0,0,5044123386883,5044123386883,0,0,0,0,0,0,0,0,0,0,0,0,5044140053549,0,0,0,0,5044140053549,0,
0,0,5044243600052,5044243600052,0,0,0,0,0,0,0,0,0,0,0,0,5044260266718,0,0,0,0,5044260266718,0,
0,0,5045143403359,5045143403359,0,0,0,0,0,0,0,0,0,0,0,0,5045160070025,0,0,0,0,5045160070025,0,
0,0,5050794626844,5050794626844,7,0,0,0,0,0,0,0,0,0,0,0,5050811293510,0,0,0,0,5050811293510,0,
0,0,5050819660794,5050819660794,7,0,0,0,0,0,0,0,0,0,0,0,5050836327460,0,0,0,0,5050836327460,0,
0,0,5050849686375,5050849686375,7,0,0,0,0,0,0,0,0,0,0,0,5050866353041,0,0,0,0,5050866353041,0,
0,0,5052749787636,5052749787636,0,0,0,0,0,0,0,0,0,0,0,0,5052766454302,0,0,0,0,5052766454302,0,
0,0,5052948830944,5052948830944,0,0,0,0,0,0,0,0,0,0,0,0,5052965497610,0,0,0,0,5052965497610,0,
0,0,5053328478686,5053328478686,0,0,0,0,0,0,0,0,0,0,0,0,5053345145352,0,0,0,0,5053345145352,0,
0,0,5053969011483,5053969011483,0,0,0,0,0,0,0,0,0,0,0,0,5053985678149,0,0,0,0,5053985678149,0,
0,0,5054870304322,5054870304322,0,0,0,0,0,0,0,0,0,0,0,0,5054886970988,0,0,0,0,5054886970988,0,
0,0,5054930035445,5054930035445,0,0,0,0,0,0,0,0,0,0,0,0,5054946702111,0,0,0,0,5054946702111,0,
0,0,5055018344637,5055018344637,0,0,0,0,0,0,0,0,0,0,0,0,5055035011303,0,0,0,0,5055035011303,0,
0,0,5055138773052,5055138773052,0,0,0,0,0,0,0,0,0,0,0,0,5055155439718,0,0,0,0,5055155439718,0,
0,0,5055340098344,5055340098344,0,0,0,0,0,0,0,0,0,0,0,0,5055356765010,0,0,0,0,5055356765010,0,
0,0,5055719856572,5055719856572,0,0,0,0,0,0,0,0,0,0,0,0,5055736523238,0,0,0,0,5055736523238,0,
0,0,5056358459910,5056358459910,0,0,0,0,0,0,0,0,0,0,0,0,5056375126576,0,0,0,0,5056375126576,0,
0,0,5057258718406,5057258718406,0,0,0,0,0,0,0,0,0,0,0,0,5057275385072,0,0,0,0,5057275385072,0,
0,0,5057319445512,5057319445512,0,0,0,0,0,0,0,0,0,0,0,0,5057336112178,0,0,0,0,5057336112178,0,
0,0,5057409840782,5057409840782,0,0,0,0,0,0,0,0,0,0,0,0,5057426507448,0,0,0,0,5057426507448,0,
0,0,5057529838213,5057529838213,0,0,0,0,0,0,0,0,0,0,0,0,5057546504879,0,0,0,0,5057546504879,0,
Stats since: 1ns
---PROFILEDATA---
Flags,FrameTimelineVsyncId,IntendedVsync,Vsync,InputEventId,HandleInputStart,AnimationStart,PerformTraversalsStart,DrawStart,FrameDeadline,FrameInterval,FrameStartTime,SyncQueued,SyncStart,IssueDrawCommandsStart,SwapBuffers,FrameCompleted,DequeueBufferDuration,QueueBufferDuration,GpuCompleted,SwapBuffersCompleted,DisplayPresentTime,CommandSubmissionCompleted,
0,0,5041584031513,5041584031513,0,0,0,0,0,0,0,0,0,0,0,0,5041600698179,0,0,0,0,5041600698179,0,
0,0,5041645174390,5041645174390,0,0,0,0,0,0,0,0,0,0,0,0,5041661841056,0,0,0,0,5041661841056,0,
0,0,5041733528877,5041733528877,0,0,0,0,0,0,0,0,0,0,0,0,5041750195543,0,0,0,0,5041750195543,0,
0,0,5041853916630,5041853916630,0,0,0,0,0,0,0,0,0,0,0,0,5041870583296,0,0,0,0,5041870583296,0,
0,0,5042053633467,5042053633467,0,0,0,0,0,0,0,0,0,0,0,0,5042070300133,0,0,0,0,5042070300133,0,
0,0,5042435186283,5042435186283,0,0,0,0,0,0,0,0,0,0,0,0,5042451852949,0,0,0,0,5042451852949,0,
0,0,5043074032028,5043074032028,0,0,0,0,0,0,0,0,0,0,0,0,5043090698694,0,0,0,0,5043090698694,0,
0,0,5043974118716,5043974118716,0,0,0,0,0,0,0,0,0,0,0,0,5043990785382,0,0,0,0,5043990785382,0,
0,0,5044034747733,5044034747733,0,0,0,0,0,0,0,0,0,0,0,0,5044051414399,0,0,0,0,5044051414399,0,
0,0,5044123386883,5044123386883,0,0,0,0,0,0,0,0,0,0,0,0,5044140053549,0,0,0,0,5044140053549,0,
0,0,5044243600052,5044243600052,0,0,0,0,0,0,0,0,0,0,0,0,5044260266718,0,0,0,0,5044260266718,0,
0,0,5045143403359,5045143403359,0,0,0,0,0,0,0,0,0,0,0,0,5045160070025,0,0,0,0,5045160070025,0,
0,0,5050794626844,5050794626844,7,0,0,0,0,0,0,0,0,0,0,0,5050811293510,0,0,0,0,5050811293510,0,
0,0,5050819660794,5050819660794,7,0,0,0,0,0,0,0,0,0,0,0,5050836327460,0,0,0,0,5050836327460,0,
0,0,5050849686375,5050849686375,7,0,0,0,0,0,0,0,0,0,0,0,5050866353041,0,0,0,0,5050866353041,0,
0,0,5052749787636,5052749787636,0,0,0,0,0,0,0,0,0,0,0,0,5052766454302,0,0,0,0,5052766454302,0,
0,0,5052948830944,5052948830944,0,0,0,0,0,0,0,0,0,0,0,0,5052965497610,0,0,0,0,5052965497610,0,
0,0,5053328478686,5053328478686,0,0,0,0,0,0,0,0,0,0,0,0,5053345145352,0,0,0,0,5053345145352,0,
0,0,5053969011483,5053969011483,0,0,0,0,0,0,0,0,0,0,0,0,5053985678149,0,0,0,0,5053985678149,0,
0,0,5054870304322,5054870304322,0,0,0,0,0,0,0,0,0,0,0,0,5054886970988,0,0,0,0,5054886970988,0,
0,0,5054930035445,5054930035445,0,0,0,0,0,0,0,0,0,0,0,0,5054946702111,0,0,0,0,5054946702111,0,
0,0,5055018344637,5055018344637,0,0,0,0,0,0,0,0,0,0,0,0,5055035011303,0,0,0,0,5055035011303,0,
0,0,5055138773052,5055138773052,0,0,0,0,0,0,0,0,0,0,0,0,5055155439718,0,0,0,0,5055155439718,0,
0,0,5055340098344,5055340098344,0,0,0,0,0,0,0,0,0,0,0,0,5055356765010,0,0,0,0,5055356765010,0,
0,0,5055719856572,5055719856572,0,0,0,0,0,0,0,0,0,0,0,0,5055736523238,0,0,0,0,5055736523238,0,
0,0,5056358459910,5056358459910,0,0,0,0,0,0,0,0,0,0,0,0,5056375126576,0,0,0,0,5056375126576,0,
0,0,5057258718406,5057258718406,0,0,0,0,0,0,0,0,0,0,0,0,5057275385072,0,0,0,0,5057275385072,0,
0,0,5057319445512,5057319445512,0,0,0,0,0,0,0,0,0,0,0,0,5057336112178,0,0,0,0,5057336112178,0,
0,0,5057409840782,5057409840782,0,0,0,0,0,0,0,0,0,0,0,0,5057426507448,0,0,0,0,5057426507448,0,
0,0,5057529838213,5057529838213,0,0,0,0,0,0,0,0,0,0,0,0,5057546504879,0,0,0,0,5057546504879,0,
0,0,5057730029230,5057730029230,0,0,0,0,0,0,0,0,0,0,0,0,5057746695896,0,0,0,0,5057746695896,0,
0,0,5058109503292,5058109503292,0,0,0,0,0,0,0,0,0,0,0,0,5058126169958,0,0,0,0,5058126169958,0,
0,0,5058749088930,5058749088930,0,0,0,0,0,0,0,0,0,0,0,0,5058765755596,0,0,0,0,5058765755596,0,
0,0,5059648529673,5059648529673,0,0,0,0,0,0,0,0,0,0,0,0,5059665196339,0,0,0,0,5059665196339,0,
0,0,5059709916666,5059709916666,0,0,0,0,0,0,0,0,0,0,0,0,5059726583332,0,0,0,0,5059726583332,0,
0,0,5059799312466,5059799312466,0,0,0,0,0,0,0,0,0,0,0,0,5059815979132,0,0,0,0,5059815979132,0,
0,0,5059919772876,5059919772876,0,0,0,0,0,0,0,0,0,0,0,0,5059936439542,0,0,0,0,5059936439542,0,
0,0,5060118410173,5060118410173,0,0,0,0,0,0,0,0,0,0,0,0,5060135076839,0,0,0,0,5060135076839,0,
0,0,5060498417352,5060498417352,0,0,0,0,0,0,0,0,0,0,0,0,5060515084018,0,0,0,0,5060515084018,0,
0,0,5061139440385,5061139440385,0,0,0,0,0,0,0,0,0,0,0,0,5061156107051,0,0,0,0,5061156107051,0,
0,0,5062038789949,5062038789949,0,0,0,0,0,0,0,0,0,0,0,0,5062055456615,0,0,0,0,5062055456615,0,
0,0,5062099911499,5062099911499,0,0,0,0,0,0,0,0,0,0,0,0,5062116578165,0,0,0,0,5062116578165,0,
0,0,5062189655557,5062189655557,0,0,0,0,0,0,0,0,0,0,0,0,5062206322223,0,0,0,0,5062206322223,0,
0,0,5062309823106,5062309823106,0,0,0,0,0,0,0,0,0,0,0,0,5062326489772,0,0,0,0,5062326489772,0,
0,0,5062510282132,5062510282132,0,0,0,0,0,0,0,0,0,0,0,0,5062526948798,0,0,0,0,5062526948798,0,
0,0,5063409327915,5063409327915,0,0,0,0,0,0,0,0,0,0,0,0,5063425994581,0,0,0,0,5063425994581,0,
0,0,5069558451159,5069558451159,7,0,0,0,0,0,0,0,0,0,0,0,5069575117825,0,0,0,0,5069575117825,0,
0,0,5069583913751,5069583913751,7,0,0,0,0,0,0,0,0,0,0,0,5069600580417,0,0,0,0,5069600580417,0,
0,0,5069614307126,5069614307126,7,0,0,0,0,0,0,0,0,0,0,0,5069630973792,0,0,0,0,5069630973792,0,
0,0,5071514532249,5071514532249,0,0,0,0,0,0,0,0,0,0,0,0,5071531198915,0,0,0,0,5071531198915,0,
0,0,5071894691429,5071894691429,0,0,0,0,0,0,0,0,0,0,0,0,5071911358095,0,0,0,0,5071911358095,0,
0,0,5072534877271,5072534877271,0,0,0,0,0,0,0,0,0,0,0,0,5072551543937,0,0,0,0,5072551543937,0,
0,0,5073434320646,5073434320646,0,0,0,0,0,0,0,0,0,0,0,0,5073450987312,0,0,0,0,5073450987312,0,
0,0,5073494914203,5073494914203,0,0,0,0,0,0,0,0,0,0,0,0,5073511580869,0,0,0,0,5073511580869,0,
0,0,5073584165197,5073584165197,0,0,0,0,0,0,0,0,0,0,0,0,5073600831863,0,0,0,0,5073600831863,0,
0,0,5073703598544,5073703598544,0,0,0,0,0,0,0,0,0,0,0,0,5073720265210,0,0,0,0,5073720265210,0,
0,0,5073903824385,5073903824385,0,0,0,0,0,0,0,0,0,0,0,0,5073920491051,0,0,0,0,5073920491051,0,
0,0,5074283942016,5074283942016,0,0,0,0,0,0,0,0,0,0,0,0,5074300608682,0,0,0,0,5074300608682,0,
0,0,5074924522397,5074924522397,0,0,0,0,0,0,0,0,0,0,0,0,5074941189063,0,0,0,0,5074941189063,0,
0,0,5075823395780,5075823395780,0,0,0,0,0,0,0,0,0,0,0,0,5075840062446,0,0,0,0,5075840062446,0,
0,0,5075883599646,5075883599646,0,0,0,0,0,0,0,0,0,0,0,0,5075900266312,0,0,0,0,5075900266312,0,
0,0,5075973697416,5075973697416,0,0,0,0,0,0,0,0,0,0,0,0,5075990364082,0,0,0,0,5075990364082,0,
0,0,5076094147842,5076094147842,0,0,0,0,0,0,0,0,0,0,0,0,5076110814508,0,0,0,0,5076110814508,0,
0,0,5076293496876,5076293496876,0,0,0,0,0,0,0,0,0,0,0,0,5076310163542,0,0,0,0,5076310163542,0,
0,0,5076673826037,5076673826037,0,0,0,0,0,0,0,0,0,0,0,0,5076690492703,0,0,0,0,5076690492703,0,
0,0,5077313870342,5077313870342,0,0,0,0,0,0,0,0,0,0,0,0,5077330537008,0,0,0,0,5077330537008,0,
0,0,5078213662290,5078213662290,0,0,0,0,0,0,0,0,0,0,0,0,5078230328956,0,0,0,0,5078230328956,0,
0,0,5078273839046,5078273839046,0,0,0,0,0,0,0,0,0,0,0,0,5078290505712,0,0,0,0,5078290505712,0,
0,0,5078363941636,5078363941636,0,0,0,0,0,0,0,0,0,0,0,0,5078380608302,0,0,0,0,5078380608302,0,
0,0,5078483941216,5078483941216,0,0,0,0,0,0,0,0,0,0,0,0,5078500607882,0,0,0,0,5078500607882,0,
0,0,5078684400516,5078684400516,0,0,0,0,0,0,0,0,0,0,0,0,5078701067182,0,0,0,0,5078701067182,0,
0,0,5079064169513,5079064169513,0,0,0,0,0,0,0,0,0,0,0,0,5079080836179,0,0,0,0,5079080836179,0,
0,0,5079703875542,5079703875542,0,0,0,0,0,0,0,0,0,0,0,0,5079720542208,0,0,0,0,5079720542208,0,
0,0,5080603809012,5080603809012,0,0,0,0,0,0,0,0,0,0,0,0,5080620475678,0,0,0,0,5080620475678,0,
0,0,5080663945726,5080663945726,0,0,0,0,0,0,0,0,0,0,0,0,5080680612392,0,0,0,0,5080680612392,0,
0,0,5080754359248,5080754359248,0,0,0,0,0,0,0,0,0,0,0,0,5080771025914,0,0,0,0,5080771025914,0,
0,0,5080875127555,5080875127555,0,0,0,0,0,0,0,0,0,0,0,0,5080891794221,0,0,0,0,5080891794221,0,
0,0,5081075173056,5081075173056,0,0,0,0,0,0,0,0,0,0,0,0,5081091839722,0,0,0,0,5081091839722,0,
0,0,5081454948995,5081454948995,0,0,0,0,0,0,0,0,0,0,0,0,5081471615661,0,0,0,0,5081471615661,0,
0,0,5082355089091,5082355089091,0,0,0,0,0,0,0,0,0,0,0,0,5082371755757,0,0,0,0,5082371755757,0,
0,0,5085504221513,5085504221513,7,0,0,0,0,0,0,0,0,0,0,0,5085520888179,0,0,0,0,5085520888179,0,
0,0,5085529506226,5085529506226,7,0,0,0,0,0,0,0,0,0,0,0,5085546172892,0,0,0,0,5085546172892,0,
0,0,5085559594296,5085559594296,7,0,0,0,0,0,0,0,0,0,0,0,5085576260962,0,0,0,0,5085576260962,0,
0,0,5087459867159,5087459867159,0,0,0,0,0,0,0,0,0,0,0,0,5087476533825,0,0,0,0,5087476533825,0,
0,0,5088098824056,5088098824056,0,0,0,0,0,0,0,0,0,0,0,0,5088115490722,0,0,0,0,5088115490722,0,
0,0,5088999611230,5088999611230,0,0,0,0,0,0,0,0,0,0,0,0,5089016277896,0,0,0,0,5089016277896,0,
0,0,5089059219825,5089059219825,0,0,0,0,0,0,0,0,0,0,0,0,5089075886491,0,0,0,0,5089075886491,0,
0,0,5089149381900,5089149381900,0,0,0,0,0,0,0,0,0,0,0,0,5089166048566,0,0,0,0,5089166048566,0,
0,0,5089269611384,5089269611384,0,0,0,0,0,0,0,0,0,0,0,0,5089286278050,0,0,0,0,5089286278050,0,
0,0,5089469965682,5089469965682,0,0,0,0,0,0,0,0,0,0,0,0,5089486632348,0,0,0,0,5089486632348,0,
0,0,5089849123829,5089849123829,0,0,0,0,0,0,0,0,0,0,0,0,5089865790495,0,0,0,0,5089865790495,0,
0,0,5090488642802,5090488642802,0,0,0,0,0,0,0,0,0,0,0,0,5090505309468,0,0,0,0,5090505309468,0,
0,0,5091390059663,5091390059663,0,0,0,0,0,0,0,0,0,0,0,0,5091406726329,0,0,0,0,5091406726329,0,
0,0,5091450157415,5091450157415,0,0,0,0,0,0,0,0,0,0,0,0,5091466824081,0,0,0,0,5091466824081,0,
0,0,5091539223139,5091539223139,0,0,0,0,0,0,0,0,0,0,0,0,5091555889805,0,0,0,0,5091555889805,0,
0,0,5091659513354,5091659513354,0,0,0,0,0,0,0,0,0,0,0,0,5091676180020,0,0,0,0,5091676180020,0,
0,0,5091859476669,5091859476669,0,0,0,0,0,0,0,0,0,0,0,0,5091876143335,0,0,0,0,5091876143335,0,
0,0,5092239662285,5092239662285,0,0,0,0,0,0,0,0,0,0,0,0,5092256328951,0,0,0,0,5092256328951,0,
0,0,5092878901197,5092878901197,0,0,0,0,0,0,0,0,0,0,0,0,5092895567863,0,0,0,0,5092895567863,0,
0,0,5093778673669,5093778673669,0,0,0,0,0,0,0,0,0,0,0,0,5093795340335,0,0,0,0,5093795340335,0,
0,0,5093839742541,5093839742541,0,0,0,0,0,0,0,0,0,0,0,0,5093856409207,0,0,0,0,5093856409207,0,
0,0,5093929107906,5093929107906,0,0,0,0,0,0,0,0,0,0,0,0,5093945774572,0,0,0,0,5093945774572,0,
0,0,5094049327650,5094049327650,0,0,0,0,0,0,0,0,0,0,0,0,5094065994316,0,0,0,0,5094065994316,0,
0,0,5094248723660,5094248723660,0,0,0,0,0,0,0,0,0,0,0,0,5094265390326,0,0,0,0,5094265390326,0,
0,0,5094628868151,5094628868151,0,0,0,0,0,0,0,0,0,0,0,0,5094645534817,0,0,0,0,5094645534817,0,
0,0,5095269524131,5095269524131,0,0,0,0,0,0,0,0,0,0,0,0,5095286190797,0,0,0,0,5095286190797,0,
0,0,5096169052202,5096169052202,0,0,0,0,0,0,0,0,0,0,0,0,5096185718868,0,0,0,0,5096185718868,0,
0,0,5096229590615,5096229590615,0,0,0,0,0,0,0,0,0,0,0,0,5096246257281,0,0,0,0,5096246257281,0,
0,0,5096319807537,5096319807537,0,0,0,0,0,0,0,0,0,0,0,0,5096336474203,0,0,0,0,5096336474203,0,
0,0,5096438826669,5096438826669,0,0,0,0,0,0,0,0,0,0,0,0,5096455493335,0,0,0,0,5096455493335,0,
0,0,5096640140951,5096640140951,0,0,0,0,0,0,0,0,0,0,0,0,5096656807617,0,0,0,0,5096656807617,0,
0,0,5097020301690,5097020301690,0,0,0,0,0,0,0,0,0,0,0,0,5097036968356,0,0,0,0,5097036968356,0,
0,0,5097659850083,5097659850083,0,0,0,0,0,0,0,0,0,0,0,0,5097676516749,0,0,0,0,5097676516749,0,
0,0,5098558367151,5098558367151,0,0,0,0,0,0,0,0,0,0,0,0,5098575033817,0,0,0,0,5098575033817,0,
0,0,5102908374146,5102908374146,7,0,0,0,0,0,0,0,0,0,0,0,5102925040812,0,0,0,0,5102925040812,0,
0,0,5102933585517,5102933585517,7,0,0,0,0,0,0,0,0,0,0,0,5102950252183,0,0,0,0,5102950252183,0,
0,0,5102964188082,5102964188082,7,0,0,0,0,0,0,0,0,0,0,0,5102980854748,0,0,0,0,5102980854748,0,
0,0,5104864022061,5104864022061,0,0,0,0,0,0,0,0,0,0,0,0,5104880688727,0,0,0,0,5104880688727,0,
0,0,5105764960436,5105764960436,0,0,0,0,0,0,0,0,0,0,0,0,5105781627102,0,0,0,0,5105781627102,0,
0,0,5105823743642,5105823743642,0,0,0,0,0,0,0,0,0,0,0,0,5105840410308,0,0,0,0,5105840410308,0,
Stats since: 1ns
---PROFILEDATA---
Flags,FrameTimelineVsyncId,IntendedVsync,Vsync,InputEventId,HandleInputStart,AnimationStart,PerformTraversalsStart,DrawStart,FrameDeadline,FrameInterval,FrameStartTime,SyncQueued,SyncStart,IssueDrawCommandsStart,SwapBuffers,FrameCompleted,DequeueBufferDuration,QueueBufferDuration,GpuCompleted,SwapBuffersCompleted,DisplayPresentTime,CommandSubmissionCompleted,
0,0,5089849123829,5089849123829,0,0,0,0,0,0,0,0,0,0,0,0,5089865790495,0,0,0,0,5089865790495,0,
0,0,5090488642802,5090488642802,0,0,0,0,0,0,0,0,0,0,0,0,5090505309468,0,0,0,0,5090505309468,0,
0,0,5091390059663,5091390059663,0,0,0,0,0,0,0,0,0,0,0,0,5091406726329,0,0,0,0,5091406726329,0,
0,0,5091450157415,5091450157415,0,0,0,0,0,0,0,0,0,0,0,0,5091466824081,0,0,0,0,5091466824081,0,
0,0,5091539223139,5091539223139,0,0,0,0,0,0,0,0,0,0,0,0,5091555889805,0,0,0,0,5091555889805,0,
0,0,5091659513354,5091659513354,0,0,0,0,0,0,0,0,0,0,0,0,5091676180020,0,0,0,0,5091676180020,0,
0,0,5091859476669,5091859476669,0,0,0,0,0,0,0,0,0,0,0,0,5091876143335,0,0,0,0,5091876143335,0,
0,0,5092239662285,5092239662285,0,0,0,0,0,0,0,0,0,0,0,0,5092256328951,0,0,0,0,5092256328951,0,
0,0,5092878901197,5092878901197,0,0,0,0,0,0,0,0,0,0,0,0,5092895567863,0,0,0,0,5092895567863,0,
0,0,5093778673669,5093778673669,0,0,0,0,0,0,0,0,0,0,0,0,5093795340335,0,0,0,0,5093795340335,0,
0,0,5093839742541,5093839742541,0,0,0,0,0,0,0,0,0,0,0,0,5093856409207,0,0,0,0,5093856409207,0,
0,0,5093929107906,5093929107906,0,0,0,0,0,0,0,0,0,0,0,0,5093945774572,0,0,0,0,5093945774572,0,
0,0,5094049327650,5094049327650,0,0,0,0,0,0,0,0,0,0,0,0,5094065994316,0,0,0,0,5094065994316,0,
0,0,5094248723660,5094248723660,0,0,0,0,0,0,0,0,0,0,0,0,5094265390326,0,0,0,0,5094265390326,0,
0,0,5094628868151,5094628868151,0,0,0,0,0,0,0,0,0,0,0,0,5094645534817,0,0,0,0,5094645534817,0,
0,0,5095269524131,5095269524131,0,0,0,0,0,0,0,0,0,0,0,0,5095286190797,0,0,0,0,5095286190797,0,
0,0,5096169052202,5096169052202,0,0,0,0,0,0,0,0,0,0,0,0,5096185718868,0,0,0,0,5096185718868,0,
0,0,5096229590615,5096229590615,0,0,0,0,0,0,0,0,0,0,0,0,5096246257281,0,0,0,0,5096246257281,0,
0,0,5096319807537,5096319807537,0,0,0,0,0,0,0,0,0,0,0,0,5096336474203,0,0,0,0,5096336474203,0,
0,0,5096438826669,5096438826669,0,0,0,0,0,0,0,0,0,0,0,0,5096455493335,0,0,0,0,5096455493335,0,
0,0,5096640140951,5096640140951,0,0,0,0,0,0,0,0,0,0,0,0,5096656807617,0,0,0,0,5096656807617,0,
0,0,5097020301690,5097020301690,0,0,0,0,0,0,0,0,0,0,0,0,5097036968356,0,0,0,0,5097036968356,0,
0,0,5097659850083,5097659850083,0,0,0,0,0,0,0,0,0,0,0,0,5097676516749,0,0,0,0,5097676516749,0,
0,0,5098558367151,5098558367151,0,0,0,0,0,0,0,0,0,0,0,0,5098575033817,0,0,0,0,5098575033817,0,
0,0,5102908374146,5102908374146,7,0,0,0,0,0,0,0,0,0,0,0,5102925040812,0,0,0,0,5102925040812,0,
0,0,5102933585517,5102933585517,7,0,0,0,0,0,0,0,0,0,0,0,5102950252183,0,0,0,0,5102950252183,0,
0,0,5102964188082,5102964188082,7,0,0,0,0,0,0,0,0,0,0,0,5102980854748,0,0,0,0,5102980854748,0,
0,0,5104864022061,5104864022061,0,0,0,0,0,0,0,0,0,0,0,0,5104880688727,0,0,0,0,5104880688727,0,
0,0,5105764960436,5105764960436,0,0,0,0,0,0,0,0,0,0,0,0,5105781627102,0,0,0,0,5105781627102,0,
0,0,5105823743642,5105823743642,0,0,0,0,0,0,0,0,0,0,0,0,5105840410308,0,0,0,0,5105840410308,0,
0,0,5105914322566,5105914322566,0,0,0,0,0,0,0,0,0,0,0,0,5105930989232,0,0,0,0,5105930989232,0,
0,0,5106034540506,5106034540506,0,0,0,0,0,0,0,0,0,0,0,0,5106051207172,0,0,0,0,5106051207172,0,
0,0,5106235071561,5106235071561,0,0,0,0,0,0,0,0,0,0,0,0,5106251738227,0,0,0,0,5106251738227,0,
0,0,5106615224938,5106615224938,0,0,0,0,0,0,0,0,0,0,0,0,5106631891604,0,0,0,0,5106631891604,0,
0,0,5107254890631,5107254890631,0,0,0,0,0,0,0,0,0,0,0,0,5107271557297,0,0,0,0,5107271557297,0,
0,0,5108155086604,5108155086604,0,0,0,0,0,0,0,0,0,0,0,0,5108171753270,0,0,0,0,5108171753270,0,
0,0,5108214322159,5108214322159,0,0,0,0,0,0,0,0,0,0,0,0,5108230988825,0,0,0,0,5108230988825,0,
0,0,5108304845739,5108304845739,0,0,0,0,0,0,0,0,0,0,0,0,5108321512405,0,0,0,0,5108321512405,0,
0,0,5108425300521,5108425300521,0,0,0,0,0,0,0,0,0,0,0,0,5108441967187,0,0,0,0,5108441967187,0,
0,0,5108624832955,5108624832955,0,0,0,0,0,0,0,0,0,0,0,0,5108641499621,0,0,0,0,5108641499621,0,
0,0,5109005067267,5109005067267,0,0,0,0,0,0,0,0,0,0,0,0,5109021733933,0,0,0,0,5109021733933,0,
0,0,5109644671743,5109644671743,0,0,0,0,0,0,0,0,0,0,0,0,5109661338409,0,0,0,0,5109661338409,0,
0,0,5110543669531,5110543669531,0,0,0,0,0,0,0,0,0,0,0,0,5110560336197,0,0,0,0,5110560336197,0,
0,0,5110603362651,5110603362651,0,0,0,0,0,0,0,0,0,0,0,0,5110620029317,0,0,0,0,5110620029317,0,
0,0,5110695213666,5110695213666,0,0,0,0,0,0,0,0,0,0,0,0,5110711880332,0,0,0,0,5110711880332,0,
0,0,5110814422458,5110814422458,0,0,0,0,0,0,0,0,0,0,0,0,5110831089124,0,0,0,0,5110831089124,0,
0,0,5111013424860,5111013424860,0,0,0,0,0,0,0,0,0,0,0,0,5111030091526,0,0,0,0,5111030091526,0,
0,0,5111394624948,5111394624948,0,0,0,0,0,0,0,0,0,0,0,0,5111411291614,0,0,0,0,5111411291614,0,
0,0,5112033357941,5112033357941,0,0,0,0,0,0,0,0,0,0,0,0,5112050024607,0,0,0,0,5112050024607,0,
0,0,5112934339407,5112934339407,0,0,0,0,0,0,0,0,0,0,0,0,5112951006073,0,0,0,0,5112951006073,0,
0,0,5112994249668,5112994249668,0,0,0,0,0,0,0,0,0,0,0,0,5113010916334,0,0,0,0,5113010916334,0,
0,0,5113085230611,5113085230611,0,0,0,0,0,0,0,0,0,0,0,0,5113101897277,0,0,0,0,5113101897277,0,
0,0,5113204747186,5113204747186,0,0,0,0,0,0,0,0,0,0,0,0,5113221413852,0,0,0,0,5113221413852,0,
0,0,5113404899310,5113404899310,0,0,0,0,0,0,0,0,0,0,0,0,5113421565976,0,0,0,0,5113421565976,0,
0,0,5113784597515,5113784597515,0,0,0,0,0,0,0,0,0,0,0,0,5113801264181,0,0,0,0,5113801264181,0,
0,0,5114423880722,5114423880722,0,0,0,0,0,0,0,0,0,0,0,0,5114440547388,0,0,0,0,5114440547388,0,
0,0,5115325230899,5115325230899,0,0,0,0,0,0,0,0,0,0,0,0,5115341897565,0,0,0,0,5115341897565,0,
0,0,5116225100543,5116225100543,0,0,0,0,0,0,0,0,0,0,0,0,5116241767209,0,0,0,0,5116241767209,0,
0,0,5121874999650,5121874999650,7,0,0,0,0,0,0,0,0,0,0,0,5121891666316,0,0,0,0,5121891666316,0,
0,0,5121899251310,5121899251310,7,0,0,0,0,0,0,0,0,0,0,0,5121915917976,0,0,0,0,5121915917976,0,
0,0,5121928744459,5121928744459,7,0,0,0,0,0,0,0,0,0,0,0,5121945411125,0,0,0,0,5121945411125,0,
0,0,5123828674993,5123828674993,0,0,0,0,0,0,0,0,0,0,0,0,5123845341659,0,0,0,0,5123845341659,0,
0,0,5123889542580,5123889542580,0,0,0,0,0,0,0,0,0,0,0,0,5123906209246,0,0,0,0,5123906209246,0,
0,0,5123979800343,5123979800343,0,0,0,0,0,0,0,0,0,0,0,0,5123996467009,0,0,0,0,5123996467009,0,
0,0,5124099727484,5124099727484,0,0,0,0,0,0,0,0,0,0,0,0,5124116394150,0,0,0,0,5124116394150,0,
0,0,5124299960143,5124299960143,0,0,0,0,0,0,0,0,0,0,0,0,5124316626809,0,0,0,0,5124316626809,0,
0,0,5124678738107,5124678738107,0,0,0,0,0,0,0,0,0,0,0,0,5124695404773,0,0,0,0,5124695404773,0,
0,0,5125319750579,5125319750579,0,0,0,0,0,0,0,0,0,0,0,0,5125336417245,0,0,0,0,5125336417245,0,
0,0,5126218344018,5126218344018,0,0,0,0,0,0,0,0,0,0,0,0,5126235010684,0,0,0,0,5126235010684,0,
0,0,5126278343437,5126278343437,0,0,0,0,0,0,0,0,0,0,0,0,5126295010103,0,0,0,0,5126295010103,0,
0,0,5126368388761,5126368388761,0,0,0,0,0,0,0,0,0,0,0,0,5126385055427,0,0,0,0,5126385055427,0,
0,0,5126488752394,5126488752394,0,0,0,0,0,0,0,0,0,0,0,0,5126505419060,0,0,0,0,5126505419060,0,
0,0,5126688463887,5126688463887,0,0,0,0,0,0,0,0,0,0,0,0,5126705130553,0,0,0,0,5126705130553,0,
0,0,5127069816864,5127069816864,0,0,0,0,0,0,0,0,0,0,0,0,5127086483530,0,0,0,0,5127086483530,0,
0,0,5127709788020,5127709788020,0,0,0,0,0,0,0,0,0,0,0,0,5127726454686,0,0,0,0,5127726454686,0,
0,0,5128610233319,5128610233319,0,0,0,0,0,0,0,0,0,0,0,0,5128626899985,0,0,0,0,5128626899985,0,
0,0,5128670234115,5128670234115,0,0,0,0,0,0,0,0,0,0,0,0,5128686900781,0,0,0,0,5128686900781,0,
0,0,5128758532712,5128758532712,0,0,0,0,0,0,0,0,0,0,0,0,5128775199378,0,0,0,0,5128775199378,0,
0,0,5128879196687,5128879196687,0,0,0,0,0,0,0,0,0,0,0,0,5128895863353,0,0,0,0,5128895863353,0,
0,0,5129079808531,5129079808531,0,0,0,0,0,0,0,0,0,0,0,0,5129096475197,0,0,0,0,5129096475197,0,
0,0,5129459890729,5129459890729,0,0,0,0,0,0,0,0,0,0,0,0,5129476557395,0,0,0,0,5129476557395,0,
0,0,5130098398498,5130098398498,0,0,0,0,0,0,0,0,0,0,0,0,5130115065164,0,0,0,0,5130115065164,0,
0,0,5130999878318,5130999878318,0,0,0,0,0,0,0,0,0,0,0,0,5131016544984,0,0,0,0,5131016544984,0,
0,0,5131059199644,5131059199644,0,0,0,0,0,0,0,0,0,0,0,0,5131075866310,0,0,0,0,5131075866310,0,
0,0,5131149797101,5131149797101,0,0,0,0,0,0,0,0,0,0,0,0,5131166463767,0,0,0,0,5131166463767,0,
0,0,5131268630976,5131268630976,0,0,0,0,0,0,0,0,0,0,0,0,5131285297642,0,0,0,0,5131285297642,0,
0,0,5131469583953,5131469583953,0,0,0,0,0,0,0,0,0,0,0,0,5131486250619,0,0,0,0,5131486250619,0,
0,0,5131848892382,5131848892382,0,0,0,0,0,0,0,0,0,0,0,0,5131865559048,0,0,0,0,5131865559048,0,
0,0,5132488351129,5132488351129,0,0,0,0,0,0,0,0,0,0,0,0,5132505017795,0,0,0,0,5132505017795,0,
0,0,5133389220610,5133389220610,0,0,0,0,0,0,0,0,0,0,0,0,5133405887276,0,0,0,0,5133405887276,0,
0,0,5133450299624,5133450299624,0,0,0,0,0,0,0,0,0,0,0,0,5133466966290,0,0,0,0,5133466966290,0,
0,0,5134349860504,5134349860504,0,0,0,0,0,0,0,0,0,0,0,0,5134366527170,0,0,0,0,5134366527170,0,
0,0,5140499249871,5140499249871,7,0,0,0,0,0,0,0,0,0,0,0,5140515916537,0,0,0,0,5140515916537,0,
0,0,5140523896125,5140523896125,7,0,0,0,0,0,0,0,0,0,0,0,5140540562791,0,0,0,0,5140540562791,0,
0,0,5140554705441,5140554705441,7,0,0,0,0,0,0,0,0,0,0,0,5140571372107,0,0,0,0,5140571372107,0,
0,0,5142454103054,5142454103054,0,0,0,0,0,0,0,0,0,0,0,0,5142470769720,0,0,0,0,5142470769720,0,
0,0,5142545124005,5142545124005,0,0,0,0,0,0,0,0,0,0,0,0,5142561790671,0,0,0,0,5142561790671,0,
0,0,5142664591514,5142664591514,0,0,0,0,0,0,0,0,0,0,0,0,5142681258180,0,0,0,0,5142681258180,0,
0,0,5142864199349,5142864199349,0,0,0,0,0,0,0,0,0,0,0,0,5142880866015,0,0,0,0,5142880866015,0,
0,0,5143245315778,5143245315778,0,0,0,0,0,0,0,0,0,0,0,0,5143261982444,0,0,0,0,5143261982444,0,
0,0,5143885092277,5143885092277,0,0,0,0,0,0,0,0,0,0,0,0,5143901758943,0,0,0,0,5143901758943,0,
0,0,5144783692899,5144783692899,0,0,0,0,0,0,0,0,0,0,0,0,5144800359565,0,0,0,0,5144800359565,0,
0,0,5144843831663,5144843831663,0,0,0,0,0,0,0,0,0,0,0,0,5144860498329,0,0,0,0,5144860498329,0,
0,0,5144934458339,5144934458339,0,0,0,0,0,0,0,0,0,0,0,0,5144951125005,0,0,0,0,5144951125005,0,
0,0,5145053514565,5145053514565,0,0,0,0,0,0,0,0,0,0,0,0,5145070181231,0,0,0,0,5145070181231,0,
0,0,5145254487962,5145254487962,0,0,0,0,0,0,0,0,0,0,0,0,5145271154628,0,0,0,0,5145271154628,0,
0,0,5145633660001,5145633660001,0,0,0,0,0,0,0,0,0,0,0,0,5145650326667,0,0,0,0,5145650326667,0,
0,0,5146273856211,5146273856211,0,0,0,0,0,0,0,0,0,0,0,0,5146290522877,0,0,0,0,5146290522877,0,
0,0,5147173728608,5147173728608,0,0,0,0,0,0,0,0,0,0,0,0,5147190395274,0,0,0,0,5147190395274,0,
0,0,5147234488534,5147234488534,0,0,0,0,0,0,0,0,0,0,0,0,5147251155200,0,0,0,0,5147251155200,0,
0,0,5147325057244,5147325057244,0,0,0,0,0,0,0,0,0,0,0,0,5147341723910,0,0,0,0,5147341723910,0,
0,0,5147444182229,5147444182229,0,0,0,0,0,0,0,0,0,0,0,0,5147460848895,0,0,0,0,5147460848895,0,
0,0,5147643358745,5147643358745,0,0,0,0,0,0,0,0,0,0,0,0,5147660025411,0,0,0,0,5147660025411,0,
0,0,5148024952232,5148024952232,0,0,0,0,0,0,0,0,0,0,0,0,5148041618898,0,0,0,0,5148041618898,0,
0,0,5148665018104,5148665018104,0,0,0,0,0,0,0,0,0,0,0,0,5148681684770,0,0,0,0,5148681684770,0,
0,0,5149564983142,5149564983142,0,0,0,0,0,0,0,0,0,0,0,0,5149581649808,0,0,0,0,5149581649808,0,
0,0,5149625112694,5149625112694,0,0,0,0,0,0,0,0,0,0,0,0,5149641779360,0,0,0,0,5149641779360,0,
0,0,5149715083675,5149715083675,0,0,0,0,0,0,0,0,0,0,0,0,5149731750341,0,0,0,0,5149731750341,0,
0,0,5149834996546,5149834996546,0,0,0,0,0,0,0,0,0,0,0,0,5149851663212,0,0,0,0,5149851663212,0,
0,0,5150034577912,5150034577912,0,0,0,0,0,0,0,0,0,0,0,0,5150051244578,0,0,0,0,5150051244578,0,
Stats since: 1ns
---PROFILEDATA---
Flags,FrameTimelineVsyncId,IntendedVsync,Vsync,InputEventId,HandleInputStart,AnimationStart,PerformTraversalsStart,DrawStart,FrameDeadline,FrameInterval,FrameStartTime,SyncQueued,SyncStart,IssueDrawCommandsStart,SwapBuffers,FrameCompleted,DequeueBufferDuration,QueueBufferDuration,GpuCompleted,SwapBuffersCompleted,DisplayPresentTime,CommandSubmissionCompleted,
0,0,5133450299624,5133450299624,0,0,0,0,0,0,0,0,0,0,0,0,5133466966290,0,0,0,0,5133466966290,0,
0,0,5134349860504,5134349860504,0,0,0,0,0,0,0,0,0,0,0,0,5134366527170,0,0,0,0,5134366527170,0,
0,0,5140499249871,5140499249871,7,0,0,0,0,0,0,0,0,0,0,0,5140515916537,0,0,0,0,5140515916537,0,
0,0,5140523896125,5140523896125,7,0,0,0,0,0,0,0,0,0,0,0,5140540562791,0,0,0,0,5140540562791,0,
0,0,5140554705441,5140554705441,7,0,0,0,0,0,0,0,0,0,0,0,5140571372107,0,0,0,0,5140571372107,0,
0,0,5142454103054,5142454103054,0,0,0,0,0,0,0,0,0,0,0,0,5142470769720,0,0,0,0,5142470769720,0,
0,0,5142545124005,5142545124005,0,0,0,0,0,0,0,0,0,0,0,0,5142561790671,0,0,0,0,5142561790671,0,
0,0,5142664591514,5142664591514,0,0,0,0,0,0,0,0,0,0,0,0,5142681258180,0,0,0,0,5142681258180,0,
0,0,5142864199349,5142864199349,0,0,0,0,0,0,0,0,0,0,0,0,5142880866015,0,0,0,0,5142880866015,0,
0,0,5143245315778,5143245315778,0,0,0,0,0,0,0,0,0,0,0,0,5143261982444,0,0,0,0,5143261982444,0,
0,0,5143885092277,5143885092277,0,0,0,0,0,0,0,0,0,0,0,0,5143901758943,0,0,0,0,5143901758943,0,
0,0,5144783692899,5144783692899,0,0,0,0,0,0,0,0,0,0,0,0,5144800359565,0,0,0,0,5144800359565,0,
0,0,5144843831663,5144843831663,0,0,0,0,0,0,0,0,0,0,0,0,5144860498329,0,0,0,0,5144860498329,0,
0,0,5144934458339,5144934458339,0,0,0,0,0,0,0,0,0,0,0,0,5144951125005,0,0,0,0,5144951125005,0,
0,0,5145053514565,5145053514565,0,0,0,0,0,0,0,0,0,0,0,0,5145070181231,0,0,0,0,5145070181231,0,
0,0,5145254487962,5145254487962,0,0,0,0,0,0,0,0,0,0,0,0,5145271154628,0,0,0,0,5145271154628,0,
0,0,5145633660001,5145633660001,0,0,0,0,0,0,0,0,0,0,0,0,5145650326667,0,0,0,0,5145650326667,0,
0,0,5146273856211,5146273856211,0,0,0,0,0,0,0,0,0,0,0,0,5146290522877,0,0,0,0,5146290522877,0,
0,0,5147173728608,5147173728608,0,0,0,0,0,0,0,0,0,0,0,0,5147190395274,0,0,0,0,5147190395274,0,
0,0,5147234488534,5147234488534,0,0,0,0,0,0,0,0,0,0,0,0,5147251155200,0,0,0,0,5147251155200,0,
0,0,5147325057244,5147325057244,0,0,0,0,0,0,0,0,0,0,0,0,5147341723910,0,0,0,0,5147341723910,0,
0,0,5147444182229,5147444182229,0,0,0,0,0,0,0,0,0,0,0,0,5147460848895,0,0,0,0,5147460848895,0,
0,0,5147643358745,5147643358745,0,0,0,0,0,0,0,0,0,0,0,0,5147660025411,0,0,0,0,5147660025411,0,
0,0,5148024952232,5148024952232,0,0,0,0,0,0,0,0,0,0,0,0,5148041618898,0,0,0,0,5148041618898,0,
0,0,5148665018104,5148665018104,0,0,0,0,0,0,0,0,0,0,0,0,5148681684770,0,0,0,0,5148681684770,0,
0,0,5149564983142,5149564983142,0,0,0,0,0,0,0,0,0,0,0,0,5149581649808,0,0,0,0,5149581649808,0,
0,0,5149625112694,5149625112694,0,0,0,0,0,0,0,0,0,0,0,0,5149641779360,0,0,0,0,5149641779360,0,
0,0,5149715083675,5149715083675,0,0,0,0,0,0,0,0,0,0,0,0,5149731750341,0,0,0,0,5149731750341,0,
0,0,5149834996546,5149834996546,0,0,0,0,0,0,0,0,0,0,0,0,5149851663212,0,0,0,0,5149851663212,0,
0,0,5150034577912,5150034577912,0,0,0,0,0,0,0,0,0,0,0,0,5150051244578,0,0,0,0,5150051244578,0,
0,0,5150413508268,5150413508268,0,0,0,0,0,0,0,0,0,0,0,0,5150430174934,0,0,0,0,5150430174934,0,
0,0,5151055118800,5151055118800,0,0,0,0,0,0,0,0,0,0,0,0,5151071785466,0,0,0,0,5151071785466,0,
0,0,5151953729887,5151953729887,0,0,0,0,0,0,0,0,0,0,0,0,5151970396553,0,0,0,0,5151970396553,0,
0,0,5152014587921,5152014587921,0,0,0,0,0,0,0,0,0,0,0,0,5152031254587,0,0,0,0,5152031254587,0,
0,0,5152103691695,5152103691695,0,0,0,0,0,0,0,0,0,0,0,0,5152120358361,0,0,0,0,5152120358361,0,
0,0,5153003810359,5153003810359,0,0,0,0,0,0,0,0,0,0,0,0,5153020477025,0,0,0,0,5153020477025,0,
0,0,5156153913183,5156153913183,7,0,0,0,0,0,0,0,0,0,0,0,5156170579849,0,0,0,0,5156170579849,0,
0,0,5156180313825,5156180313825,7,0,0,0,0,0,0,0,0,0,0,0,5156196980491,0,0,0,0,5156196980491,0,
0,0,5156209168518,5156209168518,7,0,0,0,0,0,0,0,0,0,0,0,5156225835184,0,0,0,0,5156225835184,0,
0,0,5158108420416,5158108420416,0,0,0,0,0,0,0,0,0,0,0,0,5158125087082,0,0,0,0,5158125087082,0,
0,0,5158230327355,5158230327355,0,0,0,0,0,0,0,0,0,0,0,0,5158246994021,0,0,0,0,5158246994021,0,
0,0,5158429005619,5158429005619,0,0,0,0,0,0,0,0,0,0,0,0,5158445672285,0,0,0,0,5158445672285,0,
0,0,5158808764420,5158808764420,0,0,0,0,0,0,0,0,0,0,0,0,5158825431086,0,0,0,0,5158825431086,0,
0,0,5159448391192,5159448391192,0,0,0,0,0,0,0,0,0,0,0,0,5159465057858,0,0,0,0,5159465057858,0,
0,0,5160349958658,5160349958658,0,0,0,0,0,0,0,0,0,0,0,0,5160366625324,0,0,0,0,5160366625324,0,
0,0,5160410150808,5160410150808,0,0,0,0,0,0,0,0,0,0,0,0,5160426817474,0,0,0,0,5160426817474,0,
0,0,5160499531977,5160499531977,0,0,0,0,0,0,0,0,0,0,0,0,5160516198643,0,0,0,0,5160516198643,0,
0,0,5160619103843,5160619103843,0,0,0,0,0,0,0,0,0,0,0,0,5160635770509,0,0,0,0,5160635770509,0,
0,0,5160819721878,5160819721878,0,0,0,0,0,0,0,0,0,0,0,0,5160836388544,0,0,0,0,5160836388544,0,
0,0,5161199054756,5161199054756,0,0,0,0,0,0,0,0,0,0,0,0,5161215721422,0,0,0,0,5161215721422,0,
0,0,5161840089754,5161840089754,0,0,0,0,0,0,0,0,0,0,0,0,5161856756420,0,0,0,0,5161856756420,0,
0,0,5162740124995,5162740124995,0,0,0,0,0,0,0,0,0,0,0,0,5162756791661,0,0,0,0,5162756791661,0,
0,0,5162799527757,5162799527757,0,0,0,0,0,0,0,0,0,0,0,0,5162816194423,0,0,0,0,5162816194423,0,
0,0,5162890225551,5162890225551,0,0,0,0,0,0,0,0,0,0,0,0,5162906892217,0,0,0,0,5162906892217,0,
0,0,5163008436272,5163008436272,0,0,0,0,0,0,0,0,0,0,0,0,5163025102938,0,0,0,0,5163025102938,0,
0,0,5163208819907,5163208819907,0,0,0,0,0,0,0,0,0,0,0,0,5163225486573,0,0,0,0,5163225486573,0,
0,0,5163589913880,5163589913880,0,0,0,0,0,0,0,0,0,0,0,0,5163606580546,0,0,0,0,5163606580546,0,
0,0,5164228859038,5164228859038,0,0,0,0,0,0,0,0,0,0,0,0,5164245525704,0,0,0,0,5164245525704,0,
0,0,5165129349564,5165129349564,0,0,0,0,0,0,0,0,0,0,0,0,5165146016230,0,0,0,0,5165146016230,0,
0,0,5165189647600,5165189647600,0,0,0,0,0,0,0,0,0,0,0,0,5165206314266,0,0,0,0,5165206314266,0,
0,0,5165280054055,5165280054055,0,0,0,0,0,0,0,0,0,0,0,0,5165296720721,0,0,0,0,5165296720721,0,
0,0,5165398689861,5165398689861,0,0,0,0,0,0,0,0,0,0,0,0,5165415356527,0,0,0,0,5165415356527,0,
0,0,5165598603565,5165598603565,0,0,0,0,0,0,0,0,0,0,0,0,5165615270231,0,0,0,0,5165615270231,0,
0,0,5165978963719,5165978963719,0,0,0,0,0,0,0,0,0,0,0,0,5165995630385,0,0,0,0,5165995630385,0,
0,0,5166619834984,5166619834984,0,0,0,0,0,0,0,0,0,0,0,0,5166636501650,0,0,0,0,5166636501650,0,
0,0,5167519997082,5167519997082,0,0,0,0,0,0,0,0,0,0,0,0,5167536663748,0,0,0,0,5167536663748,0,
0,0,5167579963770,5167579963770,0,0,0,0,0,0,0,0,0,0,0,0,5167596630436,0,0,0,0,5167596630436,0,
0,0,5167668706690,5167668706690,0,0,0,0,0,0,0,0,0,0,0,0,5167685373356,0,0,0,0,5167685373356,0,
0,0,5167789957781,5167789957781,0,0,0,0,0,0,0,0,0,0,0,0,5167806624447,0,0,0,0,5167806624447,0,
0,0,5168688744129,5168688744129,0,0,0,0,0,0,0,0,0,0,0,0,5168705410795,0,0,0,0,5168705410795,0,
